Nb de periode :    75
 0.3000
  0.328116E+01 -0.322658E-07  0.167056E-05  0.396237E-08  0.514583E+00 -0.531982E-15
 -0.375015E-08  0.328115E+01  0.860346E-06 -0.514583E+00 -0.355309E-08 -0.417563E-08
 -0.711686E-06  0.528950E-06  0.397966E+02 -0.251372E-06 -0.590226E-06 -0.153581E-13
 -0.953454E-09 -0.514158E+00  0.870629E-07  0.147333E+00 -0.360766E-09  0.609612E-09
  0.514158E+00 -0.137182E-08 -0.123769E-05 -0.248595E-09  0.147333E+00  0.925186E-16
 -0.828511E-16 -0.413322E-08 -0.148116E-14  0.599364E-09  0.653785E-15  0.220024E-12
 1.9946
  0.340030E+01  0.379667E-07  0.517818E-06 -0.166341E-08  0.531922E+00  0.439726E-14
 -0.251701E-08  0.340030E+01  0.101001E-06 -0.531921E+00  0.277783E-08 -0.432685E-08
 -0.540697E-06  0.521574E-05  0.414542E+02  0.218301E-06 -0.713925E-06  0.812659E-14
 -0.131140E-07 -0.531222E+00  0.413045E-06  0.150688E+00  0.444124E-09  0.630177E-09
  0.531223E+00  0.289091E-08 -0.191065E-05 -0.978532E-09  0.150688E+00  0.626193E-16
  0.922982E-16 -0.428199E-08  0.102490E-14  0.619962E-09  0.537203E-15  0.220498E-12
 3.6892
  0.374495E+01  0.289879E-07  0.953743E-06  0.360328E-08  0.590940E+00  0.264827E-14
  0.417049E-07  0.374495E+01  0.147501E-05 -0.590939E+00  0.498976E-09 -0.475210E-08
 -0.963336E-06 -0.782363E-06  0.353080E+02 -0.358805E-06 -0.488736E-06  0.975044E-14
 -0.120405E-08 -0.590662E+00  0.144242E-06  0.160528E+00 -0.213002E-09  0.704118E-09
  0.590661E+00  0.237359E-08 -0.286527E-06  0.255405E-09  0.160528E+00 -0.278369E-15
  0.181363E-14 -0.470136E-08  0.464895E-14  0.692308E-09  0.441567E-15  0.221588E-12
 5.3838
  0.413389E+01 -0.174392E-07  0.466372E-06 -0.232451E-09  0.647823E+00  0.482546E-14
  0.247047E-08  0.413389E+01 -0.180488E-05 -0.647823E+00  0.362461E-08 -0.523938E-08
  0.689525E-06  0.676475E-06  0.272501E+02 -0.984186E-07 -0.795738E-07  0.618648E-14
  0.261372E-08 -0.647379E+00 -0.543027E-06  0.169000E+00 -0.214882E-09  0.774967E-09
  0.647379E+00 -0.440170E-08  0.821686E-07 -0.932506E-10  0.169000E+00 -0.567094E-15
 -0.192514E-14 -0.518300E-08  0.104566E-14  0.762512E-09  0.761429E-16  0.221619E-12
 7.0784
  0.370595E+01  0.516012E-07  0.435769E-06 -0.274247E-08  0.562199E+00  0.250955E-15
 -0.237325E-07  0.370595E+01  0.141331E-05 -0.562199E+00 -0.106492E-08 -0.471136E-08
 -0.220516E-06  0.613952E-06  0.218432E+02 -0.100160E-06 -0.162361E-06  0.194490E-14
 -0.754488E-08 -0.561457E+00 -0.424701E-06  0.152541E+00  0.760656E-10  0.668855E-09
  0.561457E+00 -0.381356E-08 -0.134467E-06  0.131881E-08  0.152541E+00  0.111361E-14
 -0.195569E-14 -0.466260E-08 -0.571450E-14  0.658200E-09 -0.322287E-15  0.221944E-12
 8.7730
  0.277912E+01 -0.407714E-07 -0.411257E-06  0.225918E-08  0.404969E+00  0.526450E-14
  0.107153E-07  0.277913E+01  0.355165E-06 -0.404969E+00  0.922249E-09 -0.355498E-08
  0.250533E-07 -0.396706E-06  0.190323E+02  0.417235E-06 -0.932069E-07  0.237915E-14
 -0.912297E-10 -0.404237E+00 -0.901349E-07  0.125883E+00 -0.330915E-09  0.472716E-09
  0.404238E+00  0.122248E-08  0.552022E-07  0.519180E-09  0.125883E+00  0.259428E-15
 -0.828114E-15 -0.351987E-08 -0.411407E-14  0.464231E-09 -0.206361E-15  0.222057E-12
10.4676
  0.207164E+01 -0.113996E-08 -0.177055E-06 -0.369096E-08  0.294498E+00  0.118791E-14
  0.318409E-07  0.207164E+01 -0.216141E-05 -0.294497E+00 -0.971743E-09 -0.266867E-08
  0.133458E-07  0.203785E-06  0.178379E+02  0.569055E-06 -0.980473E-07 -0.148488E-14
 -0.645743E-09 -0.293711E+00  0.221374E-06  0.108874E+00  0.197407E-09  0.334514E-09
  0.293711E+00  0.230076E-09 -0.491126E-07 -0.417057E-09  0.108875E+00 -0.254551E-15
 -0.471567E-15 -0.264230E-08 -0.824019E-15  0.327231E-09  0.604529E-16  0.222546E-12
12.1622
  0.165158E+01  0.106153E-07  0.732061E-07  0.577905E-09  0.234729E+00 -0.310369E-15
  0.509944E-08  0.165158E+01  0.883877E-06 -0.234729E+00 -0.178277E-09 -0.214569E-08
  0.125737E-06  0.114279E-06  0.170341E+02 -0.490006E-06  0.625468E-06  0.430865E-14
 -0.573717E-09 -0.233477E+00  0.675922E-07  0.100360E+00  0.318267E-09  0.259877E-09
  0.233477E+00  0.427746E-09  0.234321E-07 -0.297926E-09  0.100360E+00  0.410783E-16
 -0.598630E-15 -0.211820E-08 -0.525887E-15  0.252465E-09 -0.407921E-15  0.223115E-12
13.8568
  0.134189E+01  0.512482E-09 -0.111247E-05 -0.171387E-08  0.200963E+00 -0.113772E-14
  0.120727E-07  0.134189E+01  0.233969E-06 -0.200963E+00 -0.808629E-10 -0.170815E-08
 -0.766202E-06 -0.123063E-06  0.177999E+02  0.121568E-05 -0.264541E-06 -0.198701E-14
 -0.373860E-09 -0.206992E+00  0.298554E-06  0.101169E+00  0.122449E-08  0.200779E-09
  0.206992E+00  0.501980E-09 -0.489160E-06 -0.304549E-10  0.101169E+00 -0.424643E-15
 -0.585637E-15 -0.173181E-08  0.156957E-14  0.210401E-09 -0.445988E-16  0.224053E-12
15.5513
  0.129246E+01  0.182805E-07  0.483886E-07  0.246098E-09  0.192822E+00 -0.599683E-15
 -0.192705E-07  0.129246E+01 -0.285268E-06 -0.192823E+00  0.626941E-09 -0.168570E-08
  0.162892E-07 -0.930718E-07  0.183811E+02 -0.529543E-06  0.140135E-06 -0.451190E-14
 -0.145319E-08 -0.194329E+00 -0.173212E-06  0.965605E-01 -0.147846E-09  0.207096E-09
  0.194329E+00 -0.220833E-09 -0.455141E-08  0.122581E-09  0.965605E-01  0.271285E-15
  0.124320E-14 -0.167049E-08  0.736050E-15  0.200355E-09  0.188614E-15  0.225582E-12
17.2459
  0.119631E+01 -0.114418E-07 -0.463989E-06  0.454802E-09  0.193067E+00  0.193128E-15
 -0.106267E-07  0.119631E+01  0.292740E-06 -0.193067E+00 -0.261574E-10 -0.155652E-08
 -0.232210E-06 -0.263734E-06  0.184292E+02  0.651701E-06 -0.226594E-06  0.314154E-14
  0.476740E-09 -0.184709E+00  0.498847E-07  0.973557E-01 -0.614278E-09  0.194750E-09
  0.184709E+00 -0.649717E-09 -0.857559E-07  0.294482E-09  0.973557E-01 -0.141627E-15
  0.255230E-14 -0.155825E-08  0.370383E-14  0.203048E-09 -0.396578E-15  0.226203E-12
18.9405
  0.121606E+01  0.389679E-08 -0.273390E-06 -0.560855E-10  0.190995E+00  0.223914E-14
  0.121652E-07  0.121606E+01 -0.786906E-06 -0.190995E+00 -0.399513E-09 -0.159946E-08
  0.260409E-06  0.503841E-06  0.187166E+02 -0.636529E-06 -0.107192E-06  0.750288E-15
  0.461745E-09 -0.189546E+00 -0.613370E-06  0.973326E-01 -0.348806E-09  0.203421E-09
  0.189545E+00  0.119623E-08 -0.108373E-06 -0.104488E-09  0.973327E-01 -0.527546E-16
 -0.474608E-15 -0.158610E-08  0.195998E-16  0.199614E-09 -0.206073E-15  0.225162E-12
20.6351
  0.119234E+01 -0.219600E-08 -0.366840E-06 -0.155144E-10  0.192170E+00 -0.174320E-14
  0.533837E-08  0.119234E+01  0.297426E-07 -0.192170E+00  0.207329E-08 -0.156874E-08
 -0.283434E-06 -0.164176E-06  0.189680E+02  0.167150E-06  0.967649E-07 -0.163560E-14
  0.850472E-09 -0.189185E+00 -0.697190E-07  0.977004E-01 -0.444982E-09  0.202985E-09
  0.189184E+00  0.408311E-09 -0.252744E-08 -0.197456E-09  0.977006E-01  0.914644E-16
 -0.256840E-14 -0.156031E-08 -0.680476E-15  0.202054E-09  0.260396E-16  0.224543E-12
22.3297
  0.123814E+01 -0.284395E-08 -0.218382E-06  0.293258E-09  0.198233E+00  0.357980E-14
 -0.188728E-08  0.123814E+01  0.701415E-06 -0.198233E+00  0.110786E-09 -0.163570E-08
 -0.146144E-06 -0.399581E-06  0.192337E+02  0.440277E-06  0.967620E-07 -0.238654E-14
  0.209972E-08 -0.196512E+00  0.403053E-06  0.989571E-01  0.579998E-10  0.213212E-09
  0.196512E+00 -0.143957E-08  0.448775E-07  0.135550E-09  0.989572E-01 -0.894951E-15
 -0.949953E-15 -0.162715E-08  0.398222E-15  0.210273E-09  0.234934E-15  0.224467E-12
24.0243
  0.123520E+01 -0.294378E-08  0.194604E-06  0.447018E-09  0.199552E+00  0.578580E-14
  0.785735E-08  0.123520E+01 -0.129053E-05 -0.199552E+00 -0.125020E-08 -0.163651E-08
 -0.285006E-06 -0.302054E-06  0.195198E+02  0.166053E-06 -0.432006E-06 -0.266184E-14
  0.511224E-09 -0.197858E+00  0.596766E-06  0.991397E-01 -0.486996E-09  0.215675E-09
  0.197858E+00 -0.340776E-08 -0.389674E-06 -0.150218E-09  0.991398E-01 -0.305002E-15
 -0.196396E-14 -0.162515E-08  0.808177E-16  0.212313E-09 -0.424284E-15  0.224779E-12
25.7189
  0.124002E+01 -0.162047E-08 -0.234216E-06  0.641624E-09  0.201536E+00 -0.146770E-14
 -0.936069E-08  0.124002E+01 -0.252168E-06 -0.201536E+00  0.127306E-08 -0.165242E-08
 -0.406149E-06 -0.736607E-06  0.196140E+02  0.458475E-06 -0.224512E-06 -0.407502E-14
 -0.121875E-08 -0.199677E+00  0.190790E-07  0.997895E-01 -0.427749E-09  0.219147E-09
  0.199677E+00 -0.961870E-11 -0.190473E-06  0.716310E-09  0.997896E-01  0.828817E-15
  0.466210E-15 -0.163538E-08  0.256038E-15  0.214970E-09  0.100452E-14  0.224441E-12
27.4135
  0.131498E+01  0.137209E-07 -0.558246E-06  0.816417E-09  0.211337E+00  0.890981E-15
 -0.111623E-07  0.131498E+01  0.417054E-06 -0.211337E+00 -0.963987E-09 -0.173230E-08
 -0.238627E-06 -0.663877E-06  0.196959E+02  0.252276E-06  0.141328E-06  0.330473E-14
  0.377951E-09 -0.209817E+00  0.805711E-06  0.100917E+00  0.685832E-09  0.230086E-09
  0.209817E+00 -0.269980E-08 -0.731102E-07 -0.102769E-08  0.100917E+00  0.234895E-15
 -0.535095E-15 -0.173429E-08  0.137526E-14  0.228358E-09  0.681841E-16  0.222766E-12
29.1081
  0.130004E+01 -0.347749E-08 -0.582826E-06  0.117083E-08  0.210252E+00 -0.498889E-14
  0.309155E-08  0.130004E+01  0.657679E-06 -0.210251E+00 -0.697898E-09 -0.172887E-08
 -0.405700E-06 -0.883326E-06  0.198226E+02 -0.752858E-06 -0.302036E-06  0.329541E-14
  0.616909E-09 -0.208846E+00  0.190864E-06  0.101010E+00 -0.519924E-10  0.230998E-09
  0.208846E+00 -0.501926E-09 -0.172007E-06 -0.374945E-09  0.101010E+00  0.343272E-15
  0.148489E-14 -0.171669E-08  0.343752E-14  0.226466E-09 -0.467716E-16  0.220775E-12
30.8027
  0.131532E+01  0.317846E-08 -0.447479E-06 -0.113382E-10  0.212678E+00  0.317179E-15
 -0.536673E-08  0.131532E+01 -0.504117E-06 -0.212678E+00  0.590529E-09 -0.175416E-08
 -0.491744E-06  0.274028E-06  0.199472E+02  0.613017E-08  0.145128E-06 -0.495952E-14
  0.180749E-08 -0.211545E+00 -0.273212E-06  0.101495E+00 -0.233377E-09  0.234860E-09
  0.211546E+00  0.183206E-08 -0.193505E-07  0.720918E-09  0.101495E+00 -0.201841E-15
 -0.378114E-15 -0.173714E-08  0.411643E-14  0.230299E-09  0.299034E-15  0.219594E-12
32.4973
  0.132885E+01  0.981552E-08 -0.110507E-06  0.779152E-10  0.214443E+00  0.423628E-15
  0.248075E-08  0.132885E+01  0.465643E-06 -0.214443E+00 -0.781839E-09 -0.177588E-08
 -0.131302E-05 -0.260319E-06  0.192790E+02 -0.518102E-06 -0.369809E-06 -0.710602E-15
 -0.272255E-09 -0.211490E+00  0.531829E-07  0.997814E-01 -0.555258E-10  0.236235E-09
  0.211490E+00  0.374351E-09 -0.341036E-06  0.112574E-08  0.997816E-01 -0.136654E-15
 -0.129736E-14 -0.176018E-08 -0.324981E-15  0.233355E-09 -0.107985E-15  0.219369E-12
34.1919
  0.134489E+01  0.221310E-10 -0.620157E-06 -0.161726E-09  0.215692E+00 -0.271452E-14
  0.200881E-09  0.134489E+01 -0.517749E-06 -0.215692E+00 -0.808631E-09 -0.180086E-08
 -0.318577E-06  0.580941E-06  0.192435E+02  0.768768E-06 -0.124424E-06 -0.716946E-14
  0.236716E-08 -0.212381E+00 -0.849938E-06  0.996539E-01  0.716703E-09  0.238617E-09
  0.212381E+00  0.193220E-09 -0.122680E-06 -0.861405E-09  0.996540E-01 -0.500044E-15
 -0.424651E-15 -0.178433E-08  0.288154E-14  0.238289E-09  0.299748E-15  0.218528E-12
35.8865
  0.135766E+01  0.742387E-08 -0.449072E-06 -0.744495E-09  0.216612E+00  0.283384E-14
 -0.562021E-08  0.135766E+01 -0.312997E-05 -0.216612E+00 -0.145006E-08 -0.181883E-08
 -0.216958E-06  0.449636E-06  0.193115E+02 -0.229908E-06 -0.233359E-06  0.178198E-14
 -0.186529E-09 -0.213636E+00 -0.118594E-06  0.999657E-01  0.102186E-09  0.240055E-09
  0.213635E+00 -0.134788E-08 -0.296474E-06  0.922103E-09  0.999658E-01 -0.488806E-15
 -0.568565E-15 -0.180339E-08 -0.872861E-15  0.239328E-09  0.288464E-16  0.217926E-12
37.5811
  0.136516E+01 -0.402857E-08 -0.489091E-06  0.907629E-09  0.216907E+00  0.115805E-14
 -0.195806E-07  0.136516E+01  0.267565E-05 -0.216907E+00  0.568430E-09 -0.182963E-08
 -0.103171E-05 -0.411426E-06  0.192574E+02 -0.184500E-07 -0.179221E-06 -0.439586E-14
  0.801533E-09 -0.214173E+00  0.633885E-06  0.100148E+00  0.261757E-09  0.240076E-09
  0.214173E+00 -0.210412E-08 -0.225811E-06  0.937058E-10  0.100148E+00  0.620384E-15
 -0.849612E-15 -0.180975E-08  0.191084E-14  0.236478E-09  0.423871E-15  0.216477E-12
39.2757
  0.137498E+01  0.588365E-08 -0.428721E-06  0.119007E-08  0.218048E+00 -0.768875E-15
  0.133946E-07  0.137498E+01  0.194078E-05 -0.218048E+00  0.106558E-08 -0.184275E-08
 -0.423789E-06  0.678230E-06  0.196715E+02 -0.407724E-06  0.345253E-07  0.669373E-14
  0.676546E-09 -0.215497E+00  0.342645E-08  0.100456E+00  0.119303E-09  0.241706E-09
  0.215497E+00 -0.235198E-08 -0.175472E-06 -0.467580E-09  0.100457E+00  0.356170E-15
  0.198508E-14 -0.182236E-08 -0.869842E-15  0.237969E-09 -0.212061E-15  0.209427E-12
40.9703
  0.137999E+01  0.848460E-08 -0.271325E-06  0.188957E-09  0.218929E+00  0.342522E-14
  0.614039E-08  0.137999E+01  0.502455E-06 -0.218929E+00 -0.879431E-09 -0.184980E-08
 -0.187855E-06 -0.275667E-06  0.196946E+02 -0.147972E-06 -0.153848E-06  0.242800E-14
  0.723151E-09 -0.216388E+00 -0.667550E-06  0.100721E+00  0.122964E-08  0.242829E-09
  0.216388E+00  0.319948E-08 -0.187491E-06  0.595996E-09  0.100721E+00  0.357697E-15
 -0.303814E-14 -0.183184E-08 -0.394936E-15  0.239592E-09 -0.394407E-16  0.209166E-12
42.6649
  0.135857E+01 -0.881883E-08 -0.441989E-06 -0.422933E-09  0.216020E+00  0.216503E-14
 -0.227920E-07  0.135857E+01  0.844512E-06 -0.216020E+00 -0.537534E-09 -0.182464E-08
 -0.339307E-06  0.322881E-06  0.197651E+02 -0.120746E-06 -0.242387E-06  0.216503E-14
 -0.261059E-08 -0.213759E+00  0.161009E-06  0.100472E+00 -0.392918E-09  0.239928E-09
  0.213760E+00  0.589378E-09 -0.609460E-07  0.332889E-09  0.100472E+00  0.364307E-16
  0.191359E-14 -0.181024E-08 -0.471445E-16  0.236644E-09  0.894662E-15  0.207571E-12
44.3595
  0.148984E+01 -0.556365E-09 -0.710468E-06 -0.163498E-08  0.234211E+00 -0.540602E-14
  0.593368E-08  0.148984E+01 -0.147841E-05 -0.234211E+00  0.472385E-10 -0.197910E-08
 -0.715842E-06 -0.399533E-06  0.198324E+02  0.131029E-05 -0.301319E-06 -0.176196E-14
  0.269653E-09 -0.231839E+00  0.165456E-06  0.103062E+00  0.341167E-09  0.261334E-09
  0.231839E+00  0.236849E-09 -0.215156E-06 -0.280151E-09  0.103062E+00 -0.675753E-15
 -0.911719E-15 -0.195404E-08 -0.101648E-14  0.256591E-09 -0.339494E-15  0.208918E-12
46.0541
  0.143339E+01 -0.228260E-08 -0.592758E-06  0.105283E-08  0.226696E+00 -0.136928E-14
 -0.354903E-08  0.143339E+01 -0.182825E-06 -0.226696E+00  0.693880E-09 -0.191170E-08
 -0.100368E-05 -0.173002E-07  0.198706E+02 -0.262396E-06 -0.462041E-06  0.771423E-14
  0.146423E-08 -0.224728E+00 -0.983414E-07  0.102193E+00 -0.834173E-10  0.252875E-09
  0.224728E+00 -0.512511E-09 -0.410595E-06  0.315975E-09  0.102194E+00  0.385711E-15
 -0.494193E-16 -0.189272E-08 -0.520221E-15  0.248474E-09  0.137104E-15  0.208314E-12
47.7486
  0.141698E+01 -0.585872E-08 -0.106496E-05 -0.355961E-09  0.224757E+00  0.204612E-15
 -0.649506E-08  0.141698E+01 -0.284300E-06 -0.224757E+00 -0.959387E-09 -0.189246E-08
 -0.918125E-06 -0.141661E-05  0.201290E+02  0.436027E-06 -0.160719E-06 -0.446427E-15
 -0.195534E-08 -0.223237E+00 -0.929740E-07  0.102097E+00  0.407160E-09  0.251201E-09
  0.223237E+00  0.509560E-09 -0.242794E-06 -0.184076E-09  0.102097E+00 -0.116257E-15
 -0.684899E-15 -0.187043E-08 -0.511894E-16  0.245828E-09  0.695226E-16  0.210116E-12
49.4432
  0.155485E+01 -0.142213E-08 -0.775147E-06  0.618063E-09  0.243711E+00 -0.267658E-14
 -0.918500E-08  0.155485E+01  0.120375E-05 -0.243711E+00  0.572149E-09 -0.205281E-08
 -0.598539E-06 -0.817547E-06  0.201079E+02  0.209270E-07 -0.159128E-06  0.862253E-15
 -0.294316E-09 -0.241878E+00  0.229218E-06  0.104721E+00  0.182476E-09  0.272903E-09
  0.241877E+00  0.798184E-09 -0.269282E-06  0.479146E-09  0.104721E+00 -0.413163E-15
 -0.354781E-15 -0.202545E-08  0.213002E-15  0.267171E-09  0.192591E-15  0.208119E-12
51.1378
  0.146438E+01  0.117604E-07 -0.112128E-05 -0.794499E-09  0.231607E+00  0.482839E-14
  0.144831E-07  0.146438E+01  0.571584E-06 -0.231607E+00  0.508798E-09 -0.194858E-08
 -0.361035E-06  0.650260E-07  0.205042E+02  0.110416E-05 -0.137537E-06  0.291788E-14
  0.274318E-08 -0.230114E+00 -0.145833E-06  0.103203E+00 -0.413185E-09  0.259377E-09
  0.230114E+00  0.801328E-09 -0.255551E-06  0.512213E-10  0.103203E+00  0.798943E-15
 -0.190292E-14 -0.192589E-08 -0.135001E-14  0.253881E-09  0.178967E-15  0.206890E-12
52.8324
  0.156725E+01 -0.594940E-09 -0.376531E-06 -0.334929E-09  0.245776E+00 -0.487526E-15
 -0.643858E-08  0.156725E+01  0.110106E-05 -0.245776E+00 -0.166363E-09 -0.206912E-08
 -0.564656E-06 -0.580106E-06  0.202688E+02 -0.725342E-06 -0.153715E-06  0.000000E+00
 -0.639010E-10 -0.244365E+00  0.183109E-07  0.105214E+00 -0.138819E-09  0.276109E-09
  0.244366E+00  0.155346E-09 -0.320545E-06 -0.251197E-09  0.105215E+00 -0.588393E-15
 -0.166274E-15 -0.203472E-08  0.101981E-14  0.268936E-09 -0.121980E-16  0.205659E-12
54.5270
  0.149054E+01 -0.168879E-08 -0.779395E-06  0.571113E-09  0.235509E+00  0.177548E-14
  0.778422E-08  0.149054E+01 -0.177288E-05 -0.235509E+00  0.604206E-09 -0.197940E-08
 -0.259343E-06  0.530616E-06  0.205515E+02  0.368074E-08 -0.576621E-07 -0.143341E-14
 -0.374693E-09 -0.234273E+00 -0.397666E-07  0.103909E+00  0.498523E-09  0.264326E-09
  0.234273E+00  0.101413E-09 -0.132268E-06 -0.129168E-09  0.103910E+00 -0.602685E-15
  0.148610E-14 -0.195094E-08 -0.562695E-15  0.257747E-09 -0.306906E-15  0.206314E-12
56.2216
  0.157392E+01  0.131196E-07 -0.749542E-06 -0.114714E-08  0.246968E+00  0.271722E-14
 -0.670891E-08  0.157392E+01 -0.817866E-06 -0.246968E+00  0.142150E-08 -0.207606E-08
 -0.102519E-05 -0.663561E-06  0.203851E+02 -0.101136E-05 -0.442622E-07  0.252765E-14
 -0.875885E-09 -0.245672E+00  0.634162E-06  0.105517E+00 -0.349940E-09  0.277541E-09
  0.245672E+00 -0.109020E-08 -0.362182E-06  0.398600E-09  0.105517E+00  0.236967E-15
  0.161829E-14 -0.204462E-08  0.143723E-15  0.270638E-09 -0.253089E-15  0.205493E-12
57.9162
  0.151123E+01 -0.126312E-07 -0.724781E-06 -0.140705E-10  0.238617E+00  0.104282E-14
 -0.146896E-07  0.151122E+01 -0.124827E-05 -0.238616E+00 -0.361812E-09 -0.200373E-08
 -0.550597E-06 -0.306889E-06  0.205159E+02 -0.310684E-06  0.746136E-08 -0.552081E-14
 -0.301510E-11 -0.237413E+00 -0.129561E-06  0.104455E+00 -0.778900E-09  0.268026E-09
  0.237414E+00 -0.105428E-08  0.122212E-07 -0.760809E-09  0.104455E+00  0.276040E-15
  0.263964E-14 -0.197638E-08 -0.148983E-15  0.261570E-09  0.385037E-16  0.206056E-12
59.6108
  0.150860E+01  0.597594E-08 -0.115913E-05  0.112293E-09  0.238363E+00 -0.502117E-14
  0.748360E-08  0.150860E+01  0.113409E-05 -0.238362E+00 -0.871980E-09 -0.199950E-08
 -0.775170E-06 -0.666337E-06  0.204513E+02 -0.285861E-06 -0.181731E-06  0.000000E+00
 -0.419878E-09 -0.237360E+00 -0.102243E-06  0.104496E+00  0.725511E-09  0.267832E-09
  0.237361E+00  0.559512E-09 -0.971150E-07 -0.913968E-09  0.104496E+00  0.163896E-15
  0.166561E-14 -0.197365E-08 -0.328054E-14  0.261323E-09  0.166937E-15  0.209143E-12
61.3054
  0.148237E+01  0.162151E-07 -0.100094E-05  0.135300E-08  0.234941E+00 -0.533150E-14
  0.146086E-07  0.148237E+01  0.179004E-05 -0.234941E+00 -0.100644E-09 -0.196863E-08
 -0.924860E-06  0.256539E-06  0.204050E+02 -0.140089E-06 -0.413209E-07 -0.129810E-13
 -0.106531E-08 -0.233937E+00  0.625955E-06  0.104081E+00 -0.636145E-10  0.263812E-09
  0.233937E+00 -0.299273E-08 -0.134172E-06  0.154764E-09  0.104081E+00  0.217317E-16
 -0.713975E-15 -0.194603E-08 -0.189609E-14  0.257748E-09  0.192815E-15  0.207812E-12
63.0000
  0.160411E+01  0.230761E-07 -0.976617E-06  0.201694E-08  0.251577E+00 -0.719002E-15
  0.233792E-07  0.160410E+01 -0.352387E-06 -0.251577E+00  0.743765E-09 -0.211613E-08
 -0.299442E-06 -0.318534E-06  0.207594E+02 -0.242772E-06 -0.591316E-08  0.507531E-15
 -0.517401E-08 -0.250548E+00 -0.658504E-06  0.106380E+00 -0.457346E-09  0.283925E-09
  0.250548E+00  0.174069E-08 -0.330191E-06 -0.129350E-09  0.106380E+00 -0.387697E-15
 -0.339015E-15 -0.207984E-08 -0.160297E-14  0.276046E-09 -0.213670E-15  0.210186E-12
64.6946
  0.162517E+01 -0.166414E-07 -0.147619E-05 -0.899730E-10  0.254536E+00 -0.503846E-14
 -0.120366E-07  0.162517E+01  0.547993E-06 -0.254536E+00 -0.160692E-08 -0.214230E-08
 -0.812377E-06 -0.745667E-06  0.214805E+02  0.585990E-06 -0.237471E-06  0.823727E-14
  0.259122E-09 -0.253488E+00  0.397968E-06  0.106819E+00  0.674797E-10  0.287585E-09
  0.253488E+00  0.144856E-08 -0.251176E-06  0.800760E-10  0.106819E+00  0.672711E-15
  0.137535E-14 -0.210339E-08 -0.262228E-14  0.279367E-09  0.674775E-16  0.210988E-12
66.3892
  0.164068E+01 -0.126464E-07 -0.918232E-06  0.743496E-09  0.256730E+00  0.589986E-14
 -0.163604E-07  0.164068E+01  0.578524E-06 -0.256730E+00 -0.403312E-10 -0.215990E-08
 -0.703207E-06  0.350621E-06  0.212880E+02 -0.142120E-06 -0.500976E-06  0.173384E-13
  0.172635E-08 -0.255695E+00 -0.997056E-07  0.107156E+00 -0.526058E-10  0.290100E-09
  0.255695E+00 -0.254525E-08 -0.226247E-06 -0.338431E-09  0.107156E+00 -0.117061E-14
 -0.688358E-15 -0.212119E-08  0.106656E-14  0.281895E-09 -0.228144E-15  0.211414E-12
68.0838
  0.164155E+01 -0.311199E-08 -0.447360E-06  0.364205E-09  0.256910E+00  0.936658E-14
  0.132465E-07  0.164155E+01  0.732815E-06 -0.256910E+00  0.208264E-08 -0.216059E-08
 -0.190850E-06 -0.170202E-06  0.209601E+02  0.987902E-06 -0.185160E-06  0.349616E-14
  0.682243E-09 -0.256043E+00  0.381119E-06  0.107234E+00 -0.330007E-09  0.290465E-09
  0.256043E+00 -0.115503E-08 -0.993647E-07 -0.503561E-09  0.107234E+00  0.828381E-15
 -0.104495E-14 -0.212485E-08  0.709368E-15  0.282473E-09 -0.394291E-17  0.212961E-12
69.7784
  0.164348E+01 -0.142661E-07 -0.870429E-06 -0.670680E-09  0.257256E+00 -0.404768E-14
  0.112314E-07  0.164348E+01  0.762093E-06 -0.257256E+00  0.124126E-08 -0.216271E-08
 -0.107031E-05 -0.135964E-06  0.208154E+02  0.912659E-07 -0.222946E-06 -0.712799E-15
 -0.191277E-08 -0.256397E+00  0.100395E-06  0.107315E+00  0.411250E-09  0.290859E-09
  0.256397E+00 -0.188858E-08 -0.325877E-06  0.508849E-09  0.107315E+00 -0.109466E-14
  0.220960E-15 -0.212771E-08 -0.308320E-15  0.282962E-09  0.117453E-15  0.213076E-12
71.4730
  0.164668E+01  0.219628E-07 -0.642347E-06  0.143497E-08  0.257769E+00  0.126753E-14
  0.820590E-08  0.164667E+01 -0.619140E-07 -0.257769E+00 -0.359965E-09 -0.216621E-08
 -0.490152E-06 -0.698046E-06  0.209273E+02  0.165538E-06 -0.276453E-06  0.601456E-14
 -0.357522E-09 -0.256911E+00 -0.256139E-06  0.107415E+00 -0.994384E-09  0.291434E-09
  0.256911E+00  0.372996E-09 -0.245389E-06  0.394170E-09  0.107415E+00 -0.167761E-15
  0.647357E-15 -0.213181E-08  0.562530E-15  0.283619E-09  0.118625E-16  0.213656E-12
73.1676
  0.163966E+01 -0.878275E-09 -0.613011E-06 -0.149720E-08  0.256902E+00 -0.437003E-15
 -0.678754E-08  0.163966E+01 -0.344099E-06 -0.256901E+00  0.138583E-08 -0.215772E-08
 -0.358031E-06  0.101231E-06  0.209047E+02 -0.333541E-06 -0.627267E-07 -0.932272E-14
  0.168416E-08 -0.256030E+00 -0.799358E-08  0.107326E+00  0.135242E-10  0.290359E-09
  0.256030E+00  0.373108E-08 -0.191439E-06 -0.128320E-08  0.107326E+00 -0.388447E-15
 -0.128180E-14 -0.212475E-08 -0.366303E-15  0.282762E-09  0.498006E-16  0.213345E-12
74.8622
  0.163022E+01 -0.558889E-08 -0.926966E-06 -0.828848E-09  0.255705E+00 -0.652530E-14
  0.116225E-07  0.163022E+01 -0.921517E-06 -0.255705E+00 -0.130625E-09 -0.214632E-08
 -0.638347E-06  0.293907E-07  0.209672E+02  0.531582E-07  0.398096E-08 -0.541007E-14
 -0.877833E-09 -0.254812E+00 -0.116754E-07  0.107189E+00  0.135679E-08  0.288891E-09
  0.254812E+00 -0.692003E-10 -0.220545E-06 -0.101079E-10  0.107189E+00  0.599141E-15
  0.202581E-14 -0.211475E-08 -0.905455E-15  0.281504E-09  0.185442E-15  0.213419E-12
76.5568
  0.163470E+01 -0.871023E-08 -0.131889E-05 -0.234179E-09  0.256377E+00  0.742500E-15
 -0.369820E-08  0.163470E+01 -0.955710E-06 -0.256378E+00  0.456192E-10 -0.215153E-08
 -0.136794E-05  0.131495E-05  0.209251E+02  0.126456E-06 -0.341402E-06  0.399094E-14
 -0.187267E-08 -0.255488E+00  0.662665E-06  0.107305E+00 -0.486605E-09  0.289674E-09
  0.255487E+00  0.112071E-08 -0.689033E-07 -0.312492E-09  0.107305E+00  0.156621E-15
 -0.279861E-14 -0.212027E-08 -0.323147E-14  0.282334E-09  0.271578E-15  0.213585E-12
78.2514
  0.164137E+01 -0.126009E-07 -0.729335E-06 -0.153234E-09  0.257344E+00  0.383641E-14
 -0.212624E-07  0.164137E+01 -0.640905E-07 -0.257343E+00  0.193700E-08 -0.215938E-08
 -0.269835E-06  0.243782E-06  0.209618E+02 -0.400527E-06 -0.239176E-06 -0.199766E-14
  0.740880E-09 -0.256456E+00  0.395909E-06  0.107460E+00 -0.281177E-09  0.290839E-09
  0.256456E+00 -0.283409E-09 -0.222609E-06 -0.772122E-09  0.107460E+00  0.658319E-15
 -0.277374E-14 -0.212811E-08 -0.550668E-16  0.283472E-09 -0.418432E-17  0.213803E-12
79.9460
  0.164769E+01 -0.157558E-07 -0.114406E-05 -0.864968E-09  0.258258E+00 -0.191087E-14
  0.182896E-08  0.164769E+01 -0.420741E-06 -0.258258E+00 -0.103825E-08 -0.216679E-08
 -0.127752E-05 -0.377511E-06  0.209911E+02 -0.742801E-06 -0.294497E-06 -0.533267E-15
  0.459423E-09 -0.257373E+00  0.600934E-06  0.107606E+00 -0.109213E-09  0.291896E-09
  0.257373E+00 -0.204447E-08 -0.615088E-08 -0.742649E-09  0.107606E+00  0.194420E-15
  0.982517E-16 -0.213554E-08  0.122565E-14  0.284550E-09 -0.986694E-16  0.214263E-12
81.6405
  0.164370E+01 -0.523038E-08 -0.122143E-05 -0.645955E-09  0.257773E+00 -0.202352E-14
  0.934282E-08  0.164370E+01  0.407405E-06 -0.257773E+00  0.125484E-09 -0.216193E-08
 -0.858582E-06  0.325801E-06  0.209962E+02 -0.832789E-06 -0.883404E-07  0.124457E-13
 -0.106946E-10 -0.256882E+00  0.602355E-06  0.107560E+00 -0.969646E-10  0.291306E-09
  0.256882E+00  0.973211E-09 -0.197853E-06 -0.868404E-09  0.107561E+00  0.924726E-16
  0.127736E-14 -0.213154E-08 -0.712605E-15  0.284072E-09  0.154858E-15  0.213953E-12
83.3351
  0.163597E+01  0.111840E-07 -0.747784E-06  0.825600E-09  0.256768E+00  0.281369E-14
  0.388353E-08  0.163597E+01 -0.396735E-06 -0.256767E+00 -0.438643E-09 -0.215275E-08
 -0.869732E-06  0.327535E-06  0.209953E+02 -0.342030E-06 -0.179168E-06 -0.937896E-15
  0.106168E-09 -0.255936E+00 -0.408670E-06  0.107450E+00 -0.746672E-09  0.290173E-09
  0.255936E+00  0.516873E-10 -0.158426E-06 -0.291265E-09  0.107450E+00  0.197171E-15
  0.581772E-15 -0.212420E-08  0.218981E-14  0.283133E-09 -0.379407E-15  0.213652E-12
85.0297
  0.164307E+01 -0.154984E-07 -0.790187E-06  0.187295E-08  0.257778E+00  0.981878E-15
  0.223713E-08  0.164307E+01 -0.983823E-06 -0.257778E+00 -0.183461E-09 -0.216102E-08
 -0.411829E-06 -0.126358E-05  0.210074E+02 -0.718335E-06 -0.876233E-07  0.167128E-14
  0.118360E-08 -0.256948E+00  0.229272E-06  0.107606E+00  0.104053E-09  0.291365E-09
  0.256947E+00 -0.338856E-08 -0.671194E-07  0.184830E-10  0.107606E+00 -0.746854E-15
  0.144695E-14 -0.213236E-08 -0.308100E-14  0.284300E-09 -0.203667E-15  0.213418E-12
86.7243
  0.163351E+01 -0.400023E-09 -0.776980E-06 -0.225114E-08  0.256529E+00  0.405559E-14
 -0.267130E-07  0.163351E+01 -0.226527E-05 -0.256529E+00  0.237598E-09 -0.214979E-08
 -0.110035E-05 -0.159644E-06  0.209933E+02  0.511966E-06 -0.251548E-06  0.426042E-14
  0.484458E-08 -0.255689E+00  0.269465E-06  0.107452E+00 -0.906093E-10  0.289886E-09
  0.255689E+00 -0.144237E-08 -0.124743E-06 -0.806759E-09  0.107452E+00 -0.563277E-16
  0.374531E-15 -0.212214E-08  0.924606E-15  0.282974E-09  0.155621E-16  0.213362E-12
88.4189
  0.163806E+01  0.140880E-08 -0.121156E-05  0.870295E-09  0.257189E+00  0.216975E-14
 -0.213637E-07  0.163806E+01 -0.715848E-06 -0.257188E+00 -0.126397E-09 -0.215517E-08
 -0.865228E-06 -0.371438E-06  0.210057E+02 -0.964934E-07 -0.287511E-06  0.795573E-14
 -0.513487E-10 -0.256348E+00 -0.511043E-06  0.107558E+00  0.641201E-09  0.290664E-09
  0.256348E+00 -0.608285E-09 -0.136172E-06 -0.131663E-11  0.107558E+00  0.984421E-15
  0.327879E-15 -0.212748E-08  0.565234E-15  0.283750E-09  0.134756E-15  0.213424E-12
90.1135
  0.164113E+01  0.287571E-08 -0.107864E-05 -0.490912E-09  0.257646E+00  0.210923E-14
 -0.460166E-08  0.164113E+01 -0.438927E-06 -0.257646E+00  0.815173E-09 -0.215874E-08
 -0.105500E-05  0.129240E-05  0.210179E+02 -0.934221E-06 -0.195125E-06 -0.946197E-15
  0.632372E-09 -0.256804E+00  0.938619E-06  0.107635E+00 -0.387562E-10  0.291191E-09
  0.256804E+00 -0.299650E-08 -0.747427E-07 -0.148566E-09  0.107635E+00 -0.862419E-15
 -0.288864E-14 -0.213114E-08  0.647142E-15  0.284299E-09  0.192538E-15  0.213632E-12
91.8081
  0.165120E+01 -0.662418E-08 -0.827445E-06 -0.161927E-08  0.259050E+00 -0.276685E-14
  0.278966E-10  0.165120E+01  0.147269E-05 -0.259049E+00  0.126296E-08 -0.217059E-08
 -0.803098E-06 -0.807389E-06  0.210527E+02 -0.373825E-06 -0.314552E-06  0.000000E+00
 -0.145823E-10 -0.258210E+00 -0.235539E-06  0.107840E+00 -0.136947E-09  0.292843E-09
  0.258209E+00 -0.106007E-08 -0.165392E-06 -0.245998E-09  0.107840E+00  0.111254E-15
  0.114655E-14 -0.214250E-08  0.516328E-15  0.285885E-09  0.481211E-16  0.214145E-12
93.5027
  0.164914E+01 -0.257476E-08 -0.123031E-05 -0.155880E-08  0.258808E+00  0.113988E-14
  0.181553E-07  0.164914E+01 -0.660413E-06 -0.258808E+00  0.717147E-09 -0.216818E-08
 -0.770694E-06  0.598898E-06  0.210537E+02  0.764927E-06 -0.108369E-06 -0.144384E-14
  0.151771E-08 -0.257964E+00  0.141985E-06  0.107821E+00 -0.124505E-10  0.292563E-09
  0.257964E+00 -0.437012E-09 -0.200961E-06  0.510470E-10  0.107821E+00  0.569938E-16
  0.111850E-14 -0.214045E-08 -0.746188E-16  0.285654E-09 -0.260512E-15  0.214080E-12
95.1973
  0.164807E+01 -0.155037E-07 -0.104812E-05  0.122288E-11  0.258698E+00 -0.222051E-14
  0.967302E-08  0.164807E+01  0.206940E-05 -0.258698E+00 -0.808327E-09 -0.216694E-08
 -0.110165E-05 -0.353384E-06  0.210560E+02 -0.294950E-06 -0.231037E-06  0.582184E-14
 -0.836453E-09 -0.257850E+00  0.218006E-06  0.107818E+00  0.112505E-09  0.292435E-09
  0.257850E+00  0.390712E-09 -0.158877E-06 -0.244577E-10  0.107818E+00 -0.298556E-15
 -0.551483E-15 -0.213953E-08  0.600209E-15  0.285570E-09  0.270566E-15  0.213876E-12
96.8919
  0.164549E+01 -0.598105E-08 -0.117251E-05  0.154993E-09  0.258381E+00 -0.733336E-15
  0.990514E-08  0.164549E+01 -0.203274E-06 -0.258380E+00  0.886705E-09 -0.216395E-08
 -0.927363E-06 -0.173166E-05  0.210574E+02  0.147255E-05  0.504437E-07 -0.198001E-14
 -0.889108E-10 -0.257529E+00 -0.762422E-07  0.107787E+00  0.565905E-09  0.292064E-09
  0.257529E+00 -0.660223E-09 -0.259600E-06 -0.154993E-09  0.107787E+00  0.348334E-15
 -0.472371E-15 -0.213688E-08  0.113671E-14  0.285248E-09  0.205136E-15  0.213702E-12
98.5865
  0.164448E+01  0.528546E-08 -0.983672E-06 -0.214796E-08  0.258275E+00 -0.219823E-14
  0.353309E-07  0.164447E+01  0.332564E-06 -0.258275E+00 -0.791166E-10 -0.216278E-08
 -0.597640E-06  0.120162E-05  0.210600E+02  0.120163E-07 -0.170495E-06 -0.454060E-14
 -0.167444E-08 -0.257420E+00  0.510597E-07  0.107784E+00 -0.514848E-09  0.291941E-09
  0.257420E+00 -0.671901E-09 -0.101118E-06 -0.324732E-09  0.107784E+00  0.306310E-15
  0.373034E-15 -0.213601E-08 -0.338898E-15  0.285170E-09  0.158298E-15  0.213534E-12
*******
  0.164498E+01 -0.768509E-08 -0.109217E-05  0.838163E-09  0.258373E+00 -0.246221E-14
 -0.214741E-07  0.164498E+01 -0.100329E-06 -0.258373E+00 -0.127698E-10 -0.216341E-08
 -0.774769E-06 -0.167642E-06  0.210670E+02  0.693599E-06 -0.802407E-07  0.155881E-14
  0.107034E-08 -0.257516E+00 -0.366242E-06  0.107808E+00  0.134663E-09  0.292053E-09
  0.257516E+00  0.444621E-09 -0.315168E-06  0.531688E-09  0.107808E+00 -0.168281E-15
  0.634236E-15 -0.213676E-08  0.219007E-14  0.285307E-09 -0.229544E-15  0.213465E-12
*******
  0.164618E+01 -0.151399E-07 -0.118390E-05  0.707791E-10  0.258563E+00 -0.661938E-15
 -0.239507E-08  0.164618E+01  0.519016E-06 -0.258563E+00 -0.823093E-09 -0.216487E-08
 -0.839632E-06 -0.544479E-06  0.210751E+02  0.109010E-05 -0.230292E-06  0.101033E-13
  0.149892E-08 -0.257705E+00  0.466722E-06  0.107844E+00  0.938394E-09  0.292280E-09
  0.257705E+00  0.635870E-09 -0.266093E-06  0.368736E-09  0.107844E+00  0.548711E-15
 -0.381730E-15 -0.213827E-08 -0.114669E-14  0.285547E-09 -0.398401E-16  0.213494E-12
*******
  0.165082E+01 -0.128846E-07 -0.106968E-05  0.303193E-09  0.259221E+00 -0.942407E-15
  0.853882E-08  0.165082E+01 -0.833966E-06 -0.259220E+00 -0.846695E-09 -0.217023E-08
 -0.147473E-06  0.574495E-07  0.210904E+02 -0.903264E-06 -0.302421E-06  0.164493E-14
  0.195167E-08 -0.258362E+00 -0.215101E-06  0.107944E+00  0.381799E-09  0.293052E-09
  0.258362E+00  0.406504E-09 -0.274536E-06 -0.373938E-09  0.107944E+00  0.796762E-15
 -0.191627E-14 -0.214362E-08 -0.126218E-14  0.286309E-09  0.545072E-15  0.213672E-12
*******
  0.165420E+01  0.180979E-08 -0.106606E-05 -0.210590E-08  0.259705E+00 -0.370900E-15
  0.873516E-08  0.165420E+01  0.485563E-06 -0.259704E+00  0.107615E-08 -0.217427E-08
 -0.103070E-05  0.896277E-07  0.211028E+02  0.414541E-06 -0.141141E-06 -0.142291E-13
 -0.169378E-08 -0.258846E+00 -0.357675E-06  0.108019E+00 -0.321519E-09  0.293621E-09
  0.258846E+00  0.196668E-09 -0.323720E-06 -0.501614E-09  0.108019E+00 -0.522632E-15
 -0.454932E-15 -0.214750E-08 -0.115854E-14  0.286866E-09  0.203700E-16  0.214102E-12
*******
  0.165825E+01 -0.737250E-09 -0.923637E-06 -0.126681E-08  0.260278E+00  0.482834E-14
 -0.840769E-08  0.165825E+01  0.199680E-05 -0.260277E+00 -0.593714E-09 -0.217901E-08
  0.133618E-07 -0.162630E-06  0.211168E+02  0.102554E-06 -0.590148E-07  0.670326E-14
 -0.111892E-08 -0.259419E+00 -0.641820E-07  0.108106E+00  0.187031E-09  0.294296E-09
  0.259419E+00 -0.322846E-08 -0.329592E-06  0.171807E-09  0.108106E+00  0.713466E-15
  0.123146E-14 -0.215216E-08 -0.169260E-15  0.287526E-09 -0.273541E-15  0.214366E-12
*******
  0.165797E+01  0.179407E-08 -0.103009E-05 -0.240850E-09  0.260263E+00  0.800351E-15
  0.227791E-08  0.165797E+01 -0.725531E-06 -0.260262E+00  0.643338E-09 -0.217867E-08
 -0.103831E-05  0.264075E-06  0.211204E+02  0.793525E-06 -0.275404E-06  0.659881E-14
 -0.222010E-08 -0.259402E+00  0.145469E-06  0.108112E+00 -0.813538E-10  0.294290E-09
  0.259402E+00 -0.503109E-09 -0.277048E-06  0.613365E-09  0.108112E+00  0.163337E-16
  0.114285E-14 -0.215196E-08 -0.657814E-15  0.287528E-09  0.124345E-15  0.214292E-12
*******
  0.165789E+01 -0.788409E-08 -0.123420E-05  0.449014E-09  0.260274E+00 -0.611158E-14
 -0.846591E-08  0.165789E+01 -0.180078E-06 -0.260274E+00  0.466932E-09 -0.217864E-08
 -0.318129E-06  0.408067E-06  0.211245E+02 -0.283557E-06 -0.128439E-06  0.102932E-14
  0.950728E-09 -0.259411E+00  0.245183E-06  0.108122E+00  0.201318E-09  0.294301E-09
  0.259412E+00  0.209645E-08 -0.300860E-06  0.511201E-09  0.108122E+00 -0.603117E-15
  0.530240E-16 -0.215202E-08 -0.315851E-15  0.287563E-09 -0.149750E-15  0.214242E-12
*******
  0.165839E+01  0.250139E-07 -0.128013E-05 -0.308314E-09  0.260363E+00  0.408674E-14
  0.609362E-08  0.165839E+01 -0.788354E-06 -0.260363E+00 -0.163604E-08 -0.217924E-08
 -0.546121E-06  0.338560E-06  0.211294E+02  0.320713E-06 -0.210476E-06 -0.101376E-14
 -0.172428E-08 -0.259499E+00  0.209027E-06  0.108141E+00  0.233571E-09  0.294397E-09
  0.259499E+00  0.765076E-09 -0.247415E-06 -0.313505E-09  0.108141E+00 -0.728643E-15
 -0.782351E-15 -0.215272E-08  0.490352E-14  0.287682E-09  0.407062E-16  0.214234E-12
*******
  0.165962E+01  0.126071E-07 -0.149145E-05  0.213937E-08  0.260549E+00 -0.535227E-14
 -0.193647E-07  0.165961E+01  0.562469E-06 -0.260549E+00  0.168429E-08 -0.218066E-08
 -0.671769E-06 -0.383384E-06  0.211360E+02 -0.284818E-06 -0.295568E-06 -0.649138E-14
  0.147056E-08 -0.259685E+00 -0.169431E-07  0.108174E+00  0.212710E-09  0.294615E-09
  0.259685E+00 -0.147260E-08 -0.268734E-06  0.219868E-09  0.108174E+00  0.327690E-15
  0.372308E-15 -0.215421E-08 -0.256306E-14  0.287909E-09  0.205480E-15  0.214288E-12
*******
  0.166196E+01 -0.300499E-07 -0.138497E-05  0.327484E-09  0.260887E+00  0.241394E-14
  0.102780E-09  0.166196E+01  0.387579E-06 -0.260887E+00  0.133613E-08 -0.218344E-08
 -0.799923E-06 -0.472439E-06  0.211450E+02  0.149832E-06 -0.164318E-06  0.639617E-14
  0.785961E-10 -0.260022E+00  0.520040E-06  0.108227E+00 -0.182383E-09  0.295004E-09
  0.260022E+00 -0.215132E-08 -0.191533E-06 -0.641868E-09  0.108227E+00  0.845647E-15
 -0.215616E-15 -0.215694E-08  0.191688E-14  0.288307E-09 -0.172384E-15  0.214430E-12
*******
  0.165084E+01  0.233571E-08 -0.109775E-05  0.510441E-09  0.259398E+00 -0.230328E-14
 -0.136171E-07  0.165084E+01 -0.164449E-05 -0.259397E+00 -0.174583E-08 -0.217050E-08
 -0.101208E-05 -0.314487E-06  0.211233E+02  0.958787E-06 -0.185586E-06 -0.315185E-14
  0.803399E-09 -0.258526E+00 -0.422526E-06  0.108031E+00  0.150948E-09  0.293269E-09
  0.258526E+00  0.855038E-09 -0.263380E-06  0.609749E-09  0.108031E+00  0.750080E-15
 -0.825846E-15 -0.214484E-08 -0.179325E-14  0.286688E-09  0.225603E-15  0.213429E-12
*******
  0.165197E+01  0.213601E-08 -0.115454E-05  0.122170E-08  0.259567E+00 -0.448116E-16
 -0.114338E-08  0.165197E+01  0.597410E-06 -0.259567E+00  0.147720E-08 -0.217183E-08
 -0.530781E-06  0.667235E-08  0.211294E+02  0.373824E-06 -0.130314E-06  0.525790E-14
 -0.157215E-08 -0.258695E+00 -0.142101E-07  0.108061E+00 -0.667627E-09  0.293476E-09
  0.258695E+00 -0.872222E-09 -0.342451E-06 -0.472821E-09  0.108061E+00  0.134435E-15
  0.578583E-15 -0.214620E-08  0.236851E-14  0.286892E-09 -0.105523E-15  0.213480E-12
*******
  0.165304E+01  0.770786E-08 -0.130485E-05 -0.208767E-08  0.259730E+00  0.419729E-14
 -0.317155E-08  0.165304E+01 -0.603078E-06 -0.259730E+00  0.772137E-10 -0.217312E-08
 -0.538890E-06  0.202030E-06  0.211349E+02  0.363206E-06 -0.657243E-07  0.300438E-14
  0.155393E-09 -0.258857E+00 -0.563706E-06  0.108089E+00 -0.965172E-11  0.293674E-09
  0.258857E+00  0.110126E-08 -0.286000E-06 -0.252875E-09  0.108089E+00  0.108982E-14
 -0.247419E-14 -0.214752E-08 -0.406495E-14  0.287092E-09 -0.175513E-15  0.213529E-12
*******
  0.165408E+01  0.269359E-07 -0.114520E-05 -0.296010E-09  0.259887E+00  0.228016E-14
 -0.984351E-08  0.165408E+01  0.260481E-06 -0.259887E+00 -0.773813E-09 -0.217437E-08
 -0.745601E-06 -0.186237E-05  0.211404E+02 -0.627898E-06 -0.133282E-06  0.116186E-14
  0.492080E-09 -0.259013E+00 -0.802173E-06  0.108116E+00  0.343600E-09  0.293863E-09
  0.259013E+00  0.203780E-08 -0.137303E-06 -0.253179E-09  0.108116E+00  0.167018E-15
 -0.254294E-14 -0.214874E-08  0.397258E-14  0.287278E-09 -0.454041E-15  0.213575E-12
*******
  0.165507E+01  0.877959E-08 -0.104135E-05  0.279760E-09  0.260037E+00  0.164736E-14
 -0.643261E-08  0.165507E+01  0.626437E-06 -0.260036E+00  0.139692E-08 -0.217555E-08
 -0.366505E-06  0.287308E-06  0.211455E+02  0.324056E-06 -0.178085E-06  0.174763E-13
 -0.329328E-08 -0.259162E+00  0.468052E-06  0.108142E+00  0.286332E-09  0.294032E-09
  0.259162E+00  0.460478E-08 -0.192865E-06 -0.245025E-09  0.108143E+00 -0.114599E-15
  0.286161E-15 -0.214995E-08 -0.351297E-14  0.287460E-09  0.388925E-15  0.213620E-12
*******
  0.165602E+01  0.407500E-09 -0.127223E-05  0.396386E-09  0.260180E+00 -0.310898E-15
  0.263949E-08  0.165602E+01 -0.711399E-06 -0.260180E+00 -0.129659E-09 -0.217668E-08
 -0.251316E-06 -0.380864E-06  0.211505E+02 -0.531469E-06  0.853527E-08  0.819640E-14
  0.231534E-10 -0.259306E+00  0.327771E-06  0.108167E+00 -0.453807E-10  0.294204E-09
  0.259305E+00  0.774250E-09 -0.249420E-06  0.709420E-09  0.108167E+00  0.706586E-16
 -0.188449E-14 -0.215110E-08  0.180654E-14  0.287635E-09  0.311284E-15  0.213663E-12
