Nb de periode :    75
 0.3000
  0.148222E-07  0.640384E-15  0.248325E-08  0.362801E-16  0.275213E-08 -0.310193E-23
 -0.146733E-15  0.145019E-07 -0.100104E-13 -0.258759E-08  0.109369E-16 -0.211383E-16
  0.175351E-08  0.310607E-08  0.623445E-01 -0.774321E-09  0.492037E-09 -0.472712E-16
 -0.730820E-17 -0.255238E-08  0.151885E-14  0.436813E-09  0.618334E-18  0.315655E-17
  0.254013E-08 -0.351705E-16 -0.213429E-08  0.164079E-16  0.437962E-09 -0.968060E-23
  0.145403E-24 -0.130778E-16  0.572564E-23  0.223889E-17 -0.157843E-23  0.808758E-24
 1.9946
  0.808865E-02  0.235048E-10 -0.497985E-07  0.102318E-10  0.151120E-02 -0.769784E-17
  0.814140E-10  0.808866E-02  0.955640E-08 -0.151121E-02  0.327560E-11 -0.995671E-11
  0.191852E-06  0.257249E-06  0.147861E+02  0.102722E-06  0.935979E-07  0.123235E-13
 -0.197886E-11 -0.150938E-02  0.144956E-08  0.282002E-03 -0.889955E-12  0.185792E-11
  0.150938E-02 -0.359357E-11 -0.577627E-06  0.660805E-12  0.282003E-03  0.935124E-18
  0.170968E-18 -0.981625E-11  0.172694E-17  0.183394E-11  0.696155E-20  0.129401E-19
 3.6892
  0.501928E+00 -0.689397E-09  0.832835E-06  0.384262E-09  0.911963E-01  0.360822E-15
 -0.197269E-08  0.501927E+00 -0.362052E-07 -0.911963E-01  0.131877E-09 -0.619699E-09
 -0.980683E-06 -0.349138E-05  0.554086E+02 -0.626344E-06 -0.132248E-06 -0.321965E-13
 -0.155637E-09 -0.910041E-01  0.755335E-08  0.165404E-01 -0.883347E-10  0.112349E-09
  0.910040E-01 -0.383238E-09 -0.301836E-06 -0.522959E-11  0.165404E-01 -0.867362E-17
 -0.956215E-17 -0.611354E-09 -0.147248E-15  0.111070E-09 -0.616471E-17  0.689472E-18
 5.3838
  0.459068E+01  0.217697E-07 -0.156183E-05 -0.200816E-08  0.800995E+00  0.333067E-15
  0.482396E-08  0.459068E+01  0.158121E-05 -0.800995E+00 -0.723958E-09 -0.569000E-08
 -0.195205E-05  0.521593E-05  0.869776E+02  0.162591E-05 -0.450760E-06 -0.346390E-13
 -0.302862E-09 -0.799378E+00 -0.201049E-06  0.139518E+00  0.101136E-08  0.990690E-09
  0.799378E+00 -0.823729E-08  0.419794E-06  0.579348E-09  0.139518E+00 -0.256739E-15
  0.922764E-15 -0.561697E-08 -0.289746E-14  0.979933E-09  0.144436E-15 -0.470661E-17
 7.0784
  0.132743E+02  0.452565E-08  0.181422E-05  0.344880E-08  0.221258E+01  0.999201E-14
  0.346481E-07  0.132743E+02  0.479392E-05 -0.221258E+01 -0.915315E-08 -0.165084E-07
  0.135787E-05 -0.247796E-05  0.970218E+02  0.591652E-06  0.928529E-06 -0.439648E-13
  0.229647E-07 -0.220834E+01  0.615903E-06  0.368085E+00  0.158434E-08  0.274649E-08
  0.220834E+01  0.731416E-08 -0.121002E-05 -0.107684E-08  0.368084E+00 -0.499600E-15
  0.259507E-14 -0.163069E-07 -0.822454E-14  0.271808E-08  0.116796E-15  0.132861E-15
 8.7730
  0.194477E+02  0.328786E-06 -0.595301E-05 -0.905129E-08  0.309631E+01  0.175415E-13
  0.118467E-06  0.194477E+02 -0.213535E-05 -0.309631E+01 -0.107830E-07 -0.242384E-07
 -0.202097E-06  0.292138E-05  0.928356E+02 -0.692089E-07  0.922009E-07  0.324185E-13
  0.120453E-07 -0.309184E+01  0.106255E-05  0.491740E+00  0.858563E-09  0.385370E-08
  0.309184E+01 -0.124492E-07  0.487082E-06  0.169166E-08  0.491741E+00  0.388578E-14
  0.493897E-14 -0.239546E-07 -0.227535E-13  0.381379E-08  0.954098E-15  0.432711E-15
10.4676
  0.214377E+02 -0.202170E-06 -0.710972E-05 -0.225264E-07  0.326519E+01 -0.195399E-13
 -0.226864E-07  0.214377E+02 -0.160654E-04 -0.326518E+01  0.272557E-07 -0.267159E-07
  0.197254E-05 -0.253710E-05  0.816621E+02 -0.354397E-06 -0.212342E-06  0.129230E-12
 -0.113505E-07 -0.326064E+01  0.178329E-05  0.496250E+00 -0.250839E-08  0.406977E-08
  0.326064E+01  0.438195E-07 -0.259839E-06  0.534783E-09  0.496251E+00  0.488498E-14
  0.605549E-14 -0.264400E-07 -0.167895E-13  0.403110E-08 -0.861279E-14  0.613748E-15
12.1622
  0.210884E+02  0.123997E-06  0.150315E-05  0.470027E-08  0.308325E+01  0.179856E-13
 -0.408327E-06  0.210884E+02 -0.280095E-05 -0.308325E+01  0.673754E-08 -0.262871E-07
  0.450248E-05  0.456945E-06  0.590095E+02  0.109823E-06 -0.124024E-04 -0.519584E-13
  0.819819E-08 -0.306918E+01 -0.575565E-06  0.448878E+00  0.300133E-08  0.382868E-08
  0.306918E+01  0.156433E-09 -0.535510E-08  0.176260E-08  0.448878E+00  0.832667E-16
 -0.290488E-13 -0.259764E-07  0.277369E-13  0.380039E-08  0.144383E-14  0.606045E-15
13.8568
  0.223577E+02 -0.139058E-06 -0.351276E-04  0.389991E-08  0.336445E+01 -0.432987E-13
 -0.311411E-08  0.223577E+02  0.215584E-04 -0.336445E+01  0.102737E-07 -0.266313E-07
 -0.999589E-05 -0.121747E-05  0.618950E+02 -0.210358E-05 -0.954140E-06  0.550671E-13
  0.172695E-07 -0.370018E+01 -0.372368E-05  0.573290E+00 -0.540422E-08  0.434128E-08
  0.370018E+01  0.325927E-07 -0.782451E-05 -0.579530E-08  0.573290E+00 -0.524580E-14
 -0.808273E-14 -0.273877E-07 -0.731967E-14  0.412166E-08 -0.383889E-14  0.371099E-14
15.5513
  0.185834E+02 -0.533328E-07  0.222027E-05  0.194195E-07  0.258052E+01 -0.272005E-13
 -0.105778E-06  0.185835E+02 -0.103843E-04 -0.258052E+01  0.123982E-07 -0.228387E-07
 -0.383332E-04 -0.364764E-05  0.811020E+02 -0.163686E-05 -0.442471E-05  0.293099E-13
 -0.237196E-08 -0.262528E+01 -0.192810E-05  0.365801E+00  0.362979E-08  0.322852E-08
  0.262528E+01  0.466516E-07  0.923406E-06 -0.221917E-09  0.365802E+00 -0.183187E-14
 -0.405275E-14 -0.226299E-07 -0.100809E-13  0.314011E-08 -0.681952E-14  0.185200E-13
17.2459
  0.183915E+02 -0.140979E-06 -0.482611E-05  0.257423E-07  0.265205E+01  0.328626E-13
 -0.391912E-06  0.183915E+02 -0.156497E-05 -0.265206E+01 -0.127475E-07 -0.222375E-07
  0.293832E-05 -0.413672E-05  0.452767E+02  0.358882E-05  0.350177E-06 -0.259792E-13
 -0.272848E-08 -0.255700E+01 -0.551729E-06  0.368740E+00  0.125965E-08  0.309346E-08
  0.255699E+01  0.970977E-08  0.592554E-06 -0.157888E-08  0.368740E+00  0.134198E-13
  0.331321E-14 -0.223783E-07  0.314711E-14  0.322532E-08  0.692832E-15  0.612384E-13
18.9405
  0.154391E+02  0.216605E-06  0.344589E-07  0.580985E-08  0.208792E+01  0.103251E-13
 -0.852160E-07  0.154391E+02  0.124178E-04 -0.208793E+01  0.755608E-08 -0.185236E-07
  0.281539E-05 -0.428809E-05  0.427608E+02 -0.201297E-05  0.340631E-06  0.122125E-13
 -0.113523E-07 -0.211315E+01  0.229918E-05  0.286270E+00  0.267482E-08  0.251925E-08
  0.211315E+01  0.183118E-07 -0.199769E-06 -0.313412E-08  0.286270E+00  0.762584E-14
 -0.150192E-13 -0.185205E-07  0.318127E-14  0.252374E-08  0.128299E-14  0.963513E-13
20.6351
  0.143205E+02 -0.234941E-07 -0.537466E-05  0.111286E-07  0.195757E+01  0.732747E-14
 -0.154803E-06  0.143205E+02 -0.844710E-06 -0.195757E+01  0.428554E-08 -0.170171E-07
 -0.245403E-06  0.990178E-06  0.333422E+02 -0.121653E-05 -0.127824E-06  0.410783E-14
  0.107293E-07 -0.192699E+01  0.325370E-06  0.263281E+00  0.141063E-08  0.228891E-08
  0.192699E+01  0.935870E-09  0.112108E-06  0.121054E-08  0.263281E+00 -0.525274E-14
  0.142724E-14 -0.170746E-07  0.157203E-13  0.233554E-08  0.610436E-14  0.114591E-12
22.3297
  0.125153E+02 -0.389919E-07  0.186265E-07  0.237560E-08  0.166724E+01 -0.434652E-13
  0.112923E-07  0.125153E+02 -0.443403E-05 -0.166724E+01 -0.106884E-07 -0.147419E-07
  0.120024E-05 -0.114831E-04  0.298109E+02 -0.218407E-05  0.954606E-07  0.425215E-13
  0.459477E-08 -0.168562E+01 -0.233475E-06  0.224485E+00  0.135969E-08  0.198053E-08
  0.168562E+01  0.987347E-08 -0.544824E-07  0.497948E-09  0.224485E+00  0.693889E-16
 -0.467152E-13 -0.147373E-07 -0.331072E-14  0.197185E-08 -0.587009E-14  0.143195E-12
24.0243
  0.114666E+02  0.100652E-06  0.976957E-06  0.195068E-07  0.153356E+01 -0.174305E-13
 -0.349901E-07  0.114666E+02  0.257729E-06 -0.153356E+01  0.985165E-08 -0.133548E-07
 -0.411621E-05 -0.375523E-05  0.243431E+02  0.762484E-06 -0.111875E-06 -0.543454E-13
 -0.606633E-09 -0.153393E+01  0.131970E-05  0.205154E+00 -0.290356E-08  0.178720E-08
  0.153393E+01  0.149885E-08 -0.185042E-06 -0.569344E-09  0.205154E+00  0.476702E-14
  0.256349E-14 -0.133638E-07 -0.958435E-14  0.178891E-08  0.678770E-14  0.174589E-12
25.7189
  0.106591E+02  0.170439E-07 -0.452437E-05  0.829459E-08  0.142797E+01  0.116573E-13
  0.183201E-06  0.106591E+02 -0.421875E-05 -0.142797E+01  0.125074E-07 -0.124216E-07
 -0.396185E-05  0.177243E-05  0.224298E+02 -0.113483E-06 -0.238651E-06  0.351941E-13
  0.345608E-09 -0.140944E+01 -0.872513E-06  0.188792E+00 -0.365162E-09  0.163791E-08
  0.140944E+01 -0.144018E-08 -0.109314E-06  0.116961E-08  0.188793E+00  0.353884E-15
  0.132854E-13 -0.125200E-07  0.187836E-13  0.168289E-08 -0.283465E-14  0.238121E-12
27.4135
  0.920354E+01  0.139480E-07 -0.151759E-05  0.760883E-08  0.122169E+01 -0.147105E-13
 -0.153570E-06  0.920353E+01 -0.345083E-05 -0.122169E+01  0.325053E-08 -0.102385E-07
 -0.169221E-05 -0.402860E-05  0.201643E+02 -0.646345E-06 -0.104541E-06 -0.274225E-13
 -0.556474E-08 -0.123354E+01  0.696944E-06  0.163732E+00  0.266482E-09  0.137477E-08
  0.123354E+01  0.191540E-08 -0.411470E-06 -0.927912E-09  0.163732E+00  0.277209E-14
 -0.432407E-14 -0.105325E-07  0.608541E-14  0.139790E-08  0.204426E-14  0.299582E-12
29.1081
  0.846630E+01  0.112337E-06 -0.239536E-05 -0.364162E-08  0.112597E+01  0.350830E-13
 -0.520158E-07  0.846629E+01 -0.359296E-05 -0.112597E+01  0.813998E-08 -0.949992E-08
 -0.136369E-05  0.400750E-05  0.181851E+02 -0.236094E-06 -0.242260E-06 -0.116296E-13
  0.906311E-09 -0.113123E+01 -0.676500E-07  0.150487E+00  0.999080E-09  0.126991E-08
  0.113123E+01 -0.223463E-08 -0.359956E-06 -0.616183E-10  0.150487E+00  0.143288E-14
  0.633239E-14 -0.968143E-08  0.193779E-14  0.128724E-08  0.622942E-15  0.322799E-12
30.8027
  0.783874E+01  0.620967E-07 -0.180723E-05  0.734144E-08  0.104395E+01  0.580092E-14
 -0.703694E-07  0.783874E+01 -0.690084E-05 -0.104395E+01  0.205910E-08 -0.884347E-08
  0.257860E-06  0.454585E-05  0.160774E+02  0.401265E-06 -0.282656E-06 -0.865974E-14
  0.616228E-08 -0.104350E+01 -0.560643E-06  0.138986E+00  0.633690E-09  0.117602E-08
  0.104350E+01  0.854970E-08  0.247383E-08  0.165937E-08  0.138986E+00  0.472886E-14
 -0.630442E-14 -0.896930E-08 -0.149140E-14  0.119403E-08  0.923147E-15  0.336809E-12
32.4973
  0.689385E+01  0.154832E-07 -0.153109E-05  0.257751E-08  0.918693E+00 -0.226208E-13
  0.516284E-07  0.689384E+01 -0.956170E-06 -0.918692E+00  0.248292E-08 -0.772859E-08
 -0.356289E-04 -0.408902E-06  0.122447E+02  0.159414E-06 -0.464538E-05 -0.401068E-14
 -0.773571E-08 -0.917323E+00  0.155110E-06  0.122240E+00 -0.926775E-09  0.102815E-08
  0.917323E+00 -0.123546E-07 -0.298081E-06 -0.107252E-08  0.122240E+00  0.379557E-14
 -0.129540E-14 -0.782402E-08 -0.205055E-14  0.104140E-08  0.768171E-15  0.379301E-12
34.1919
  0.642136E+01 -0.523378E-07 -0.114902E-05 -0.399996E-08  0.856277E+00  0.857647E-14
 -0.127875E-07  0.642136E+01 -0.796368E-06 -0.856277E+00 -0.121709E-07 -0.726301E-08
  0.373850E-05  0.396532E-05  0.127962E+02  0.765882E-06  0.426837E-06 -0.896505E-14
  0.408295E-08 -0.852335E+00  0.243990E-06  0.113668E+00  0.447699E-09  0.963429E-09
  0.852335E+00 -0.117163E-07  0.398431E-07  0.811269E-09  0.113668E+00  0.381639E-15
  0.507071E-14 -0.732615E-08  0.812913E-14  0.976246E-09 -0.373329E-14  0.417530E-12
35.8865
  0.564167E+01 -0.439686E-07  0.677770E-06  0.102955E-08  0.752942E+00  0.285882E-14
 -0.338168E-07  0.564167E+01 -0.365789E-05 -0.752944E+00 -0.968703E-08 -0.630484E-08
 -0.392582E-05 -0.139105E-06  0.108202E+02 -0.337608E-06 -0.201107E-06 -0.169587E-13
  0.261207E-08 -0.750499E+00  0.168723E-06  0.100166E+00  0.945079E-09  0.838833E-09
  0.750498E+00 -0.139835E-08  0.116997E-07  0.930413E-09  0.100166E+00 -0.721645E-15
 -0.287059E-14 -0.637358E-08  0.954553E-14  0.850926E-09  0.119512E-14  0.466877E-12
37.5811
  0.492131E+01  0.289419E-07 -0.881962E-06 -0.369255E-08  0.653881E+00 -0.756339E-14
  0.308828E-07  0.492131E+01  0.329830E-05 -0.653883E+00 -0.763066E-09 -0.547325E-08
  0.553846E-05  0.493063E-06  0.280723E+01 -0.199725E-06  0.598666E-06 -0.188460E-13
 -0.185605E-08 -0.654891E+00  0.383890E-06  0.870169E-01  0.105615E-09  0.728398E-09
  0.654892E+00  0.207115E-08 -0.517030E-07  0.276259E-10  0.870170E-01 -0.319536E-14
  0.539044E-14 -0.551841E-08 -0.406050E-14  0.733258E-09  0.167057E-14  0.490249E-12
39.2757
  0.428998E+01 -0.100254E-07 -0.120793E-05 -0.444561E-08  0.570499E+00 -0.103390E-13
 -0.114527E-06  0.428997E+01 -0.153279E-06 -0.570499E+00 -0.172804E-10 -0.475574E-08
  0.525912E-05  0.143802E-06  0.803372E+01 -0.180304E-06  0.504224E-06  0.113104E-13
 -0.432817E-08 -0.569720E+00  0.155947E-06  0.757663E-01  0.953833E-09  0.631415E-09
  0.569720E+00 -0.444629E-08 -0.110886E-06 -0.137902E-09  0.757664E-01 -0.608021E-15
  0.640530E-14 -0.481329E-08 -0.838088E-15  0.640035E-09  0.418380E-15  0.503713E-12
40.9703
  0.346732E+01 -0.375321E-07 -0.146945E-05 -0.264072E-08  0.462672E+00  0.401762E-14
  0.223272E-07  0.346732E+01  0.153310E-06 -0.462672E+00 -0.354248E-09 -0.373782E-08
  0.302447E-06  0.175197E-05  0.733909E+01 -0.320120E-06 -0.215077E-07 -0.582867E-14
 -0.465820E-08 -0.461225E+00 -0.754430E-07  0.615423E-01 -0.345267E-09  0.497156E-09
  0.461226E+00 -0.465172E-08 -0.374748E-06  0.698890E-09  0.615423E-01 -0.167401E-15
  0.145755E-13 -0.387806E-08  0.675566E-15  0.517459E-09  0.188125E-14  0.627730E-12
42.6649
  0.128552E+01  0.604359E-08 -0.327267E-05  0.409273E-11  0.169337E+00  0.314332E-14
  0.229784E-08  0.128552E+01 -0.840610E-07 -0.169338E+00 -0.105683E-08 -0.101607E-08
 -0.624976E-06  0.271931E-06  0.640292E+01 -0.148947E-06  0.319560E-07  0.476702E-14
 -0.232728E-08 -0.170547E+00 -0.104063E-06  0.224618E-01  0.875957E-10  0.134835E-09
  0.170547E+00  0.143223E-08 -0.450433E-06  0.231466E-09  0.224618E-01 -0.418068E-15
  0.221326E-14 -0.144261E-08  0.373079E-14  0.189969E-09  0.503459E-16  0.501842E-12
44.3595
  0.358991E+01  0.413202E-07 -0.505475E-06  0.239470E-08  0.486358E+00  0.570377E-14
 -0.307409E-09  0.358993E+01  0.113781E-05 -0.486359E+00 -0.404270E-08 -0.413789E-08
 -0.121834E-05  0.489213E-06  0.306296E+01 -0.182687E-06 -0.866819E-07  0.313638E-14
  0.110617E-08 -0.477721E+00  0.413511E-07  0.647175E-01 -0.159162E-11  0.550576E-09
  0.477719E+00 -0.867590E-08  0.781147E-07  0.144496E-09  0.647173E-01 -0.126635E-14
  0.513852E-14 -0.400784E-08  0.361107E-14  0.542943E-09  0.109385E-15  0.434630E-12
46.0541
  0.219291E+01  0.521140E-09 -0.827946E-06  0.115961E-10  0.291516E+00  0.498213E-14
 -0.301948E-07  0.219291E+01 -0.773108E-06 -0.291516E+00  0.807177E-10 -0.234820E-08
 -0.343513E-05 -0.419623E-07 -0.576473E+01  0.668679E-07 -0.401400E-06  0.226208E-14
 -0.263242E-09 -0.289298E+00 -0.235818E-06  0.384572E-01  0.295017E-09  0.309727E-09
  0.289297E+00 -0.874536E-09 -0.105931E-06 -0.405265E-09  0.384572E-01 -0.583301E-15
  0.285443E-14 -0.243719E-08  0.485723E-15  0.323987E-09  0.475185E-15  0.359762E-12
47.7486
  0.223493E+00  0.525961E-08 -0.235671E-05 -0.759883E-09  0.223969E-01  0.308087E-14
 -0.170348E-08  0.223504E+00 -0.906002E-07 -0.223983E-01 -0.116415E-08 -0.477667E-10
 -0.122908E-05 -0.542553E-06  0.488910E+01 -0.256902E-06 -0.206259E-06  0.818789E-14
  0.459409E-09 -0.294879E-01 -0.627915E-08  0.294746E-02 -0.505906E-11  0.615331E-11
  0.294865E-01 -0.208956E-09 -0.302134E-06 -0.937916E-11  0.294728E-02 -0.405058E-15
  0.719693E-15 -0.245911E-09 -0.119059E-14  0.244878E-10 -0.473119E-15  0.385400E-12
49.4432
  0.201042E+01 -0.697128E-08  0.168663E-05  0.111095E-08  0.272183E+00  0.222045E-15
  0.128211E-07  0.201041E+01 -0.232722E-07 -0.272182E+00 -0.159434E-08 -0.232095E-08
 -0.298984E-06  0.180216E-07 -0.370943E+00 -0.136133E-07 -0.219588E-07  0.624500E-16
  0.214584E-08 -0.269447E+00 -0.233398E-06  0.364799E-01 -0.391083E-10  0.311078E-09
  0.269448E+00 -0.286718E-09  0.138316E-06 -0.551950E-10  0.364801E-01  0.387711E-15
 -0.679567E-14 -0.228254E-08  0.531727E-14  0.309035E-09  0.310033E-14  0.436064E-12
51.1378
  0.443410E+00 -0.105515E-07  0.600907E-06  0.850832E-09  0.565142E-01 -0.697359E-15
  0.547971E-09  0.443418E+00 -0.208429E-06 -0.565152E-01 -0.845830E-10 -0.353586E-09
  0.391097E-06 -0.463007E-06 -0.685575E+01 -0.261374E-06 -0.803848E-07  0.660583E-14
  0.345949E-09 -0.590603E-01 -0.125497E-07  0.752668E-02  0.326565E-10  0.470327E-10
  0.590593E-01 -0.100101E-09  0.126493E-06 -0.174623E-09  0.752656E-02  0.362991E-15
  0.106523E-16 -0.497470E-09  0.499655E-15  0.634136E-10  0.218413E-15  0.324954E-12
52.8324
 -0.361907E+01  0.297077E-07  0.379351E-05  0.390082E-08 -0.489820E+00 -0.154043E-14
 -0.314249E-07 -0.361908E+01  0.151729E-05  0.489821E+00  0.991349E-10  0.422236E-08
  0.395079E-05 -0.677078E-07 -0.490326E+00  0.363752E-08  0.557426E-06 -0.974915E-15
  0.338332E-08  0.485001E+00 -0.718974E-06 -0.656416E-01  0.717819E-09 -0.565844E-09
 -0.485000E+00 -0.270120E-08  0.383006E-06 -0.458158E-10 -0.656415E-01  0.208167E-15
 -0.159866E-14  0.400470E-08  0.899874E-15 -0.542000E-09  0.119879E-15  0.187675E-12
54.5270
 -0.918330E-01 -0.117552E-08 -0.501052E-06  0.367891E-09 -0.140504E-01  0.113104E-14
  0.433374E-09 -0.918250E-01  0.132966E-06  0.140494E-01  0.115051E-09  0.233369E-09
 -0.144838E-05  0.359831E-06 -0.576548E+01  0.181779E-06 -0.144675E-06 -0.319189E-15
  0.520117E-10  0.123987E-01 -0.283990E-09 -0.189590E-02  0.284501E-10 -0.314128E-10
 -0.123997E-01  0.202419E-09 -0.930086E-07 -0.142109E-11 -0.189602E-02 -0.300107E-15
  0.773741E-15  0.103651E-09  0.234963E-14 -0.158064E-10 -0.423991E-16  0.264333E-12
56.2216
 -0.226941E-01 -0.596003E-10 -0.109715E-05  0.338503E-10 -0.305880E-02  0.187350E-15
  0.509033E-10 -0.227179E-01  0.241403E-08  0.306200E-02 -0.606235E-10  0.730775E-11
 -0.572822E-06 -0.278205E-06 -0.191507E+01  0.116033E-07 -0.747095E-07 -0.164452E-14
 -0.119442E-10  0.284240E-02  0.844793E-09 -0.382970E-03  0.939337E-11 -0.726459E-12
 -0.283918E-02 -0.459721E-11  0.470391E-08 -0.682121E-12 -0.382535E-03 -0.945966E-17
  0.122345E-14  0.195963E-10 -0.257756E-15 -0.262666E-11  0.372129E-15  0.228397E-13
57.9162
 -0.134614E+01  0.142036E-07 -0.173389E-05  0.201953E-08 -0.183019E+00  0.407313E-14
  0.980981E-08 -0.134613E+01  0.763695E-06  0.183019E+00 -0.123282E-08  0.161744E-08
  0.261949E-06  0.139632E-06  0.181239E+01  0.778664E-08  0.371656E-07 -0.856953E-15
  0.437808E-09  0.181253E+00 -0.605851E-07 -0.246428E-01  0.645741E-10 -0.217793E-09
 -0.181253E+00  0.117461E-08 -0.170767E-06 -0.295756E-09 -0.246429E-01  0.195156E-15
  0.121810E-14  0.149590E-08 -0.439102E-15 -0.203388E-09  0.465360E-15 -0.321340E-13
59.6108
 -0.604407E-03 -0.605723E-09 -0.759435E-06 -0.957243E-10 -0.117706E-02  0.121431E-15
  0.134605E-09 -0.600349E-03 -0.890759E-08  0.117659E-02 -0.179625E-10  0.127643E-09
 -0.956614E-06  0.279870E-07 -0.390860E+01  0.798082E-08 -0.118540E-06  0.212330E-14
 -0.137561E-10  0.272808E-04  0.750265E-08 -0.151560E-03  0.281375E-11 -0.171759E-10
 -0.279611E-04 -0.360956E-10 -0.143991E-07  0.436273E-10 -0.151644E-03 -0.237657E-15
  0.335734E-14  0.616779E-12 -0.279984E-14 -0.127015E-11 -0.187231E-14  0.864094E-13
61.3054
 -0.398970E+01 -0.371074E-08  0.410946E-06 -0.162072E-08 -0.541422E+00 -0.294209E-14
  0.128239E-07 -0.398968E+01 -0.154804E-05  0.541420E+00  0.113869E-08  0.493338E-08
 -0.281725E-07  0.288925E-06 -0.708850E+01 -0.195139E-06  0.672298E-07  0.766054E-14
 -0.975751E-08  0.539140E+00  0.105168E-06 -0.731639E-01  0.954969E-11 -0.666637E-09
 -0.539142E+00 -0.282580E-08 -0.334112E-07 -0.271939E-09 -0.731643E-01 -0.124900E-15
  0.172106E-14  0.433766E-08  0.265077E-14 -0.588640E-09 -0.601339E-15 -0.123100E-12
63.0000
 -0.536259E+01 -0.485634E-07 -0.576396E-05 -0.214459E-08 -0.726730E+00  0.142941E-13
  0.123691E-07 -0.536260E+01 -0.133802E-05  0.726730E+00 -0.109503E-08  0.651201E-08
 -0.296903E-05  0.221089E-06  0.520756E+01 -0.273175E-06 -0.337488E-06 -0.827810E-14
 -0.628052E-08  0.725892E+00  0.184938E-06 -0.983712E-01  0.754198E-09 -0.881471E-09
 -0.725891E+00 -0.189266E-08 -0.894419E-06 -0.773525E-09 -0.983712E-01 -0.120043E-14
 -0.181327E-14  0.584713E-08  0.152168E-14 -0.792390E-09  0.204724E-15 -0.142699E-13
64.6946
 -0.446865E+01  0.326581E-07  0.715465E-05 -0.367436E-09 -0.605967E+00 -0.111022E-13
  0.111104E-07 -0.446867E+01  0.113837E-05  0.605969E+00  0.511136E-09  0.543026E-08
  0.821847E-05 -0.156797E-07  0.504254E+00  0.500381E-08  0.110836E-05 -0.763278E-16
 -0.320551E-08  0.604057E+00 -0.313945E-06 -0.819125E-01 -0.139835E-09 -0.734069E-09
 -0.604055E+00  0.310820E-08  0.121837E-05 -0.576620E-09 -0.819121E-01  0.227943E-14
 -0.356356E-14  0.485924E-08  0.120216E-14 -0.658941E-09  0.814019E-15 -0.118853E-12
66.3892
 -0.140984E+01  0.230311E-07  0.665616E-05  0.570253E-09 -0.191563E+00  0.432987E-14
 -0.496584E-08 -0.140987E+01  0.635519E-06  0.191566E+00 -0.145155E-08  0.174969E-08
  0.556652E-05  0.226881E-05 -0.884247E+01 -0.389346E-06  0.773056E-06  0.183187E-14
 -0.643809E-09  0.190559E+00 -0.143484E-06 -0.258923E-01 -0.326281E-10 -0.236510E-09
 -0.190556E+00 -0.603109E-09  0.116308E-05  0.542286E-10 -0.258918E-01  0.333934E-15
  0.679730E-14  0.153109E-08 -0.246764E-15 -0.208038E-09 -0.283294E-14 -0.834991E-13
68.0838
 -0.799387E+00 -0.116870E-08  0.425498E-07  0.743057E-09 -0.108629E+00 -0.117267E-14
  0.317459E-08 -0.799392E+00  0.882919E-07  0.108630E+00 -0.627551E-10  0.102093E-08
  0.665372E-06 -0.934606E-07 -0.248567E+01 -0.641835E-07  0.745931E-07 -0.315720E-14
  0.201453E-09  0.108265E+00 -0.507139E-07 -0.147123E-01 -0.401315E-10 -0.138287E-09
 -0.108264E+00 -0.754540E-09  0.104781E-06  0.683258E-10 -0.147121E-01  0.422405E-15
 -0.118385E-13  0.872235E-09  0.100700E-13 -0.118522E-09  0.224357E-14 -0.877946E-13
69.7784
 -0.132593E+01 -0.966793E-08 -0.267057E-06  0.907221E-09 -0.179796E+00 -0.641848E-14
 -0.149521E-08 -0.132590E+01 -0.126340E-06  0.179792E+00  0.759428E-10  0.163098E-08
 -0.434637E-06  0.503684E-06 -0.627774E+01  0.787459E-07 -0.244472E-08 -0.129063E-14
 -0.151545E-09  0.179682E+00 -0.829018E-07 -0.243650E-01 -0.201055E-09 -0.221036E-09
 -0.179686E+00 -0.475779E-09  0.442378E-08  0.143245E-10 -0.243655E-01 -0.841341E-16
  0.126949E-13  0.144942E-08 -0.306168E-14 -0.196536E-09  0.847968E-15 -0.108991E-12
71.4730
 -0.575336E+00 -0.160026E-08  0.750064E-06  0.376303E-09 -0.780910E-01  0.641848E-15
  0.449108E-08 -0.575341E+00  0.711589E-08  0.780917E-01  0.495902E-09  0.713686E-09
 -0.239932E-05  0.131156E-06 -0.116766E+02  0.673659E-06 -0.148604E-06  0.915934E-14
  0.751470E-10  0.776629E-01 -0.334194E-07 -0.105415E-01 -0.237037E-10 -0.963511E-10
 -0.776622E-01 -0.658247E-10 -0.101158E-06 -0.614762E-10 -0.105413E-01 -0.192988E-15
 -0.281958E-14  0.624954E-09 -0.180194E-14 -0.848281E-10 -0.182862E-14 -0.105459E-12
73.1676
 -0.197933E+00  0.165073E-09 -0.294286E-05  0.209070E-09 -0.270086E-01  0.307046E-15
 -0.818773E-09 -0.197929E+00  0.199016E-07  0.270082E-01 -0.188948E-09  0.252665E-09
 -0.219060E-05 -0.692364E-08 -0.221994E+00 -0.437399E-08 -0.297096E-06  0.127502E-15
 -0.295927E-09  0.265116E-01  0.245092E-08 -0.361802E-02 -0.175788E-10 -0.338849E-10
 -0.265121E-01 -0.969180E-10 -0.350101E-06 -0.198952E-11 -0.361809E-02  0.758942E-16
  0.224383E-14  0.212676E-09 -0.460339E-15 -0.290264E-10  0.130917E-16 -0.401939E-13
74.8622
  0.352926E+00  0.462933E-08  0.129417E-05 -0.500904E-09  0.476205E-01 -0.752003E-15
  0.767727E-09  0.352924E+00  0.285274E-06 -0.476202E-01  0.588898E-10 -0.403078E-09
 -0.153697E-06  0.840470E-06 -0.360208E+01  0.319400E-06  0.678410E-07  0.371231E-14
  0.406033E-09 -0.479291E-01  0.280294E-07  0.646711E-02  0.152056E-11  0.547407E-10
  0.479294E-01  0.473079E-10  0.153041E-06 -0.246700E-10  0.646715E-02 -0.867362E-18
  0.522325E-14 -0.386096E-09  0.389378E-15  0.520967E-10  0.305352E-15 -0.760632E-14
76.5568
  0.281636E-01  0.438460E-09 -0.541849E-06  0.467733E-10  0.376226E-02 -0.966431E-16
 -0.268443E-10  0.281726E-01 -0.433841E-08 -0.376349E-02 -0.319478E-10 -0.290491E-10
 -0.682725E-06 -0.105147E-06 -0.687191E+00 -0.471180E-07 -0.986729E-07 -0.549907E-15
 -0.600098E-11 -0.383705E-02  0.528394E-09  0.512599E-03  0.118905E-11  0.395770E-11
  0.383582E-02  0.261391E-10 -0.799367E-07  0.498268E-12  0.512433E-03 -0.655604E-17
  0.498692E-15 -0.305997E-10 -0.193733E-15  0.408692E-11  0.606035E-16  0.238595E-14
78.2514
 -0.613095E+00 -0.575619E-08 -0.233558E-06 -0.156888E-10 -0.830179E-01 -0.191513E-14
  0.667796E-08 -0.613094E+00  0.366552E-06  0.830175E-01  0.759428E-10  0.720948E-09
  0.369779E-06 -0.455949E-06  0.208621E+01  0.486093E-07  0.601431E-07  0.184575E-14
  0.314458E-09  0.832266E-01  0.754239E-07 -0.112695E-01 -0.131593E-10 -0.978669E-10
 -0.832270E-01  0.953378E-09 -0.558612E-07  0.631246E-10 -0.112696E-01 -0.347812E-15
  0.119315E-14  0.672018E-09 -0.123396E-16 -0.909974E-10  0.302120E-16 -0.228548E-13
79.9460
 -0.749929E+00  0.331693E-08 -0.172877E-07  0.593900E-09 -0.101598E+00  0.839606E-15
 -0.102978E-07 -0.749929E+00  0.472824E-06  0.101598E+00  0.137106E-09  0.883976E-09
  0.364494E-06  0.405714E-08  0.245656E-01  0.176236E-09  0.495584E-07 -0.554027E-16
  0.154330E-09  0.101820E+00  0.390860E-07 -0.137943E-01  0.507328E-10 -0.120024E-09
 -0.101820E+00  0.757950E-09 -0.582077E-08 -0.693774E-10 -0.137942E-01 -0.108420E-15
 -0.122314E-14  0.822270E-09 -0.407145E-15 -0.111399E-09 -0.281327E-15 -0.590854E-13
81.6405
 -0.456290E-01 -0.377042E-09  0.381471E-06 -0.511591E-12 -0.623384E-02 -0.715573E-16
 -0.988791E-10 -0.456300E-01  0.296128E-07  0.623399E-02 -0.469527E-10  0.574490E-10
  0.233624E-06  0.552764E-07 -0.986989E+00 -0.336354E-08  0.296932E-07 -0.659195E-15
  0.557776E-12  0.619279E-02  0.446900E-08 -0.846066E-03  0.300560E-11 -0.779486E-11
 -0.619265E-02 -0.360352E-10  0.616637E-07  0.155609E-11 -0.846045E-03  0.138236E-16
 -0.999499E-16  0.501164E-10 -0.122108E-15 -0.684637E-11  0.296851E-16 -0.247502E-13
83.3351
  0.450528E-01 -0.917311E-10 -0.594462E-06  0.467253E-10  0.605812E-02  0.120889E-15
 -0.186745E-09  0.450540E-01 -0.106165E-07 -0.605829E-02  0.427676E-10 -0.495965E-10
 -0.563631E-06  0.530880E-07 -0.136689E+00  0.746184E-09 -0.772407E-07  0.103867E-15
  0.578488E-10 -0.613102E-02  0.219465E-08  0.824422E-03  0.710543E-12  0.674924E-11
  0.613086E-02  0.643272E-10 -0.815289E-07  0.263345E-11  0.824400E-03  0.632903E-17
 -0.949253E-16 -0.497824E-10 -0.165708E-15  0.669348E-11 -0.575053E-16  0.122075E-13
85.0297
  0.546102E+00 -0.226123E-08 -0.845204E-06  0.267846E-09  0.740281E-01  0.282413E-14
 -0.778982E-09  0.546097E+00 -0.627342E-07 -0.740278E-01  0.534328E-10 -0.646048E-09
 -0.537097E-06  0.176769E-07  0.173587E+01  0.156538E-07 -0.104788E-06 -0.985323E-15
 -0.421835E-09 -0.743138E-01  0.124896E-07  0.100738E-01  0.753460E-10  0.879196E-10
  0.743144E-01  0.106550E-08 -0.103242E-06 -0.380282E-10  0.100739E-01  0.306612E-15
  0.121769E-15 -0.600848E-09  0.291102E-15  0.814500E-10 -0.752428E-16  0.165847E-13
86.7243
  0.876582E+00 -0.755654E-08 -0.769272E-06  0.623913E-09  0.118768E+00  0.106859E-14
  0.415366E-08  0.876580E+00 -0.663935E-06 -0.118768E+00  0.508408E-09 -0.103037E-08
 -0.214248E-06  0.476621E-08  0.206182E+01  0.307728E-08 -0.493164E-07  0.555112E-15
 -0.988678E-09 -0.119286E+00 -0.341165E-07  0.161621E-01 -0.226521E-10  0.140213E-09
  0.119287E+00 -0.227089E-09 -0.698201E-07 -0.103000E-09  0.161621E-01  0.143982E-15
 -0.243024E-15 -0.964520E-09 -0.482314E-15  0.130683E-09 -0.230661E-15  0.258900E-13
88.4189
  0.294035E+00  0.146872E-08 -0.668151E-06  0.291152E-09  0.398890E-01 -0.324393E-15
  0.284570E-08  0.294034E+00 -0.381483E-07 -0.398887E-01  0.219188E-09 -0.348980E-09
 -0.621381E-06 -0.176565E-06  0.120008E+01  0.266807E-07 -0.671935E-07 -0.742462E-15
 -0.190397E-09 -0.400126E-01  0.202874E-07  0.542813E-02  0.354987E-10  0.474927E-10
  0.400128E-01 -0.117893E-09 -0.596228E-07  0.891021E-11  0.542816E-02 -0.409828E-16
 -0.585307E-15 -0.323683E-09 -0.453698E-15  0.439113E-10 -0.182959E-15  0.317778E-13
90.1135
  0.335386E+00  0.189266E-08 -0.118482E-06  0.149726E-09  0.454569E-01 -0.640113E-15
  0.190175E-08  0.335385E+00 -0.261246E-06 -0.454567E-01  0.396426E-09 -0.394059E-09
 -0.120530E-06 -0.183813E-07  0.427081E+00 -0.118777E-07 -0.242835E-07  0.360822E-15
  0.755733E-10 -0.456397E-01  0.398429E-07  0.618581E-02  0.114255E-10  0.536242E-10
  0.456399E-01 -0.162174E-09 -0.150649E-07  0.941185E-10  0.618584E-02  0.394650E-16
  0.395232E-15 -0.368964E-09  0.973614E-16  0.500080E-10  0.243945E-16  0.234889E-13
91.8081
 -0.519647E-01 -0.265203E-09  0.573564E-06  0.499654E-10 -0.704166E-02 -0.611490E-16
 -0.146997E-09 -0.519676E-01 -0.526735E-07  0.704205E-02 -0.201368E-10  0.608307E-10
  0.501515E-06  0.327150E-07 -0.168133E+00  0.516886E-08  0.698983E-07 -0.142681E-15
 -0.102816E-10  0.707183E-02 -0.502820E-08 -0.958294E-03 -0.602363E-11 -0.827789E-11
 -0.707144E-02  0.943068E-10  0.805394E-07 -0.538236E-11 -0.958241E-03  0.287314E-17
 -0.273422E-16  0.571256E-10 -0.123023E-16 -0.774104E-11 -0.567639E-17 -0.487489E-14
93.5027
 -0.324791E-01 -0.157982E-09 -0.175201E-06  0.246416E-10 -0.440632E-02  0.164799E-15
 -0.212424E-09 -0.324776E-01  0.173154E-07  0.440611E-02 -0.332534E-11  0.383789E-10
 -0.126352E-06 -0.843457E-09  0.580046E-01  0.128978E-08 -0.171881E-07 -0.718826E-16
  0.420801E-10  0.441961E-02  0.199002E-09 -0.599590E-03  0.624034E-11 -0.522272E-11
 -0.441981E-02 -0.114859E-10 -0.232324E-07  0.317968E-11 -0.599619E-03  0.703376E-17
 -0.288372E-16  0.357757E-10 -0.348317E-16 -0.485369E-11 -0.390112E-17 -0.109968E-14
95.1973
  0.918043E-01 -0.121645E-09  0.532891E-07 -0.145320E-09  0.124463E-01  0.455799E-15
 -0.983903E-09  0.918034E-01 -0.401158E-07 -0.124462E-01 -0.898126E-11 -0.107676E-09
  0.154014E-07 -0.144729E-08  0.100769E+00 -0.148762E-08  0.207274E-08  0.127936E-15
 -0.151132E-10 -0.124927E-01 -0.704011E-08  0.169370E-02 -0.649791E-11  0.146532E-10
  0.124929E-01 -0.260698E-10  0.548516E-08  0.104130E-10  0.169372E-02 -0.220093E-16
 -0.262470E-16 -0.100986E-09 -0.255118E-16  0.136913E-10  0.276943E-16  0.557508E-14
96.8919
  0.898846E-01  0.488569E-09 -0.212553E-06  0.208104E-09  0.121868E-01  0.585469E-16
  0.892157E-09  0.898850E-01  0.523460E-08 -0.121869E-01  0.542855E-11 -0.105367E-09
 -0.179103E-06 -0.404819E-07  0.257816E+00 -0.110404E-07 -0.262971E-07  0.120130E-15
 -0.206832E-09 -0.122317E-01  0.176613E-09  0.165841E-02  0.240519E-11  0.143380E-10
  0.122316E-01  0.495746E-10 -0.273194E-07  0.719780E-11  0.165841E-02 -0.132273E-16
  0.163647E-15 -0.988698E-10 -0.107465E-15  0.134052E-10  0.186656E-16  0.141497E-13
98.5865
  0.159495E+00  0.168006E-08 -0.755681E-07  0.349019E-10  0.216210E-01  0.595878E-15
 -0.162458E-09  0.159495E+00  0.164648E-06 -0.216210E-01 -0.136708E-09 -0.186478E-09
 -0.438704E-07 -0.227484E-07  0.317818E+00 -0.105152E-07 -0.473847E-08 -0.470977E-15
  0.263185E-10 -0.217043E-01 -0.365117E-08  0.294222E-02  0.265743E-11  0.253765E-10
  0.217043E-01 -0.154600E-09 -0.672389E-08 -0.878231E-11  0.294221E-02  0.238524E-16
 -0.161736E-15 -0.175498E-09  0.293243E-16  0.237903E-10  0.650775E-17  0.191212E-13
*******
  0.194821E+00 -0.250316E-08 -0.437882E-06 -0.174282E-09  0.264148E-01 -0.121778E-14
  0.168484E-09  0.194820E+00  0.548825E-07 -0.264147E-01  0.508749E-10 -0.227912E-09
 -0.429696E-06  0.129389E-07  0.480695E+00  0.873922E-08 -0.486179E-07  0.296638E-15
 -0.212424E-09 -0.265115E-01  0.685969E-08  0.359456E-02 -0.160227E-10  0.310163E-10
  0.265116E-01 -0.154174E-09 -0.558121E-07 -0.959233E-12  0.359457E-02  0.118178E-16
 -0.176867E-15 -0.214331E-09 -0.312088E-15  0.290602E-10  0.129693E-16  0.199668E-13
*******
  0.145332E+00  0.273303E-09 -0.627406E-07 -0.386535E-11  0.197028E-01  0.360822E-15
 -0.133673E-08  0.145332E+00  0.220602E-07 -0.197028E-01  0.562750E-11 -0.169714E-09
 -0.976434E-07  0.672242E-08  0.303897E+00  0.974211E-08 -0.747241E-08  0.260209E-16
  0.109509E-09 -0.197770E-01  0.715909E-08  0.268118E-02 -0.193481E-10  0.230956E-10
  0.197771E-01 -0.189715E-10 -0.107821E-07  0.119229E-10  0.268119E-02 -0.761110E-16
 -0.546756E-15 -0.159906E-09 -0.306795E-15  0.216786E-10  0.956300E-17  0.213687E-13
*******
  0.278454E+00  0.299792E-09 -0.108033E-06 -0.113687E-12  0.377611E-01  0.130104E-16
 -0.818773E-09  0.278452E+00 -0.494333E-07 -0.377608E-01  0.162117E-09 -0.325688E-09
 -0.185042E-06 -0.122291E-06  0.606149E+00 -0.268124E-07 -0.208092E-07 -0.782360E-15
 -0.578666E-10 -0.378922E-01  0.297010E-07  0.513854E-02 -0.204636E-11  0.443207E-10
  0.378925E-01 -0.295515E-09 -0.150776E-07 -0.428741E-10  0.513859E-02 -0.147994E-15
  0.569165E-15 -0.306474E-09  0.991774E-16  0.415610E-10 -0.757595E-16  0.150078E-13
*******
  0.168260E+00 -0.245461E-08  0.596629E-09  0.115506E-09  0.228148E-01 -0.568989E-15
  0.450314E-09  0.168258E+00  0.770333E-07 -0.228145E-01 -0.340492E-10 -0.196458E-09
 -0.634755E-07 -0.142594E-07  0.378194E+00 -0.294904E-09 -0.416185E-08 -0.910730E-16
 -0.382343E-09 -0.228968E-01  0.636305E-09  0.310464E-02 -0.894573E-11  0.267341E-10
  0.228971E-01  0.109452E-09  0.320233E-08 -0.460219E-10  0.310467E-02  0.495480E-16
 -0.597226E-16 -0.185214E-09  0.144621E-15  0.251137E-10 -0.287496E-16  0.599766E-14
*******
 -0.896975E-02  0.100343E-09  0.460477E-08 -0.744649E-11 -0.121604E-02 -0.459160E-16
  0.501217E-10 -0.896967E-02 -0.150484E-08  0.121603E-02  0.994760E-11  0.104522E-10
  0.788782E-08 -0.993634E-09 -0.902158E-02 -0.202931E-10  0.101494E-08 -0.173472E-17
  0.163278E-10  0.122061E-02 -0.343196E-09 -0.165479E-03  0.742073E-12 -0.142239E-11
 -0.122062E-02  0.716316E-12  0.870386E-09 -0.148948E-11 -0.165481E-03 -0.460786E-17
 -0.828398E-18  0.987254E-11  0.991029E-18 -0.133844E-11  0.295390E-18 -0.184232E-15
*******
  0.699891E-02  0.609646E-10 -0.212904E-07 -0.566480E-11  0.949347E-03 -0.319840E-17
  0.709726E-10  0.699893E-02 -0.256999E-08 -0.949349E-03  0.135003E-12 -0.818240E-11
 -0.162586E-07 -0.109403E-08  0.208106E-01 -0.143906E-08 -0.221041E-08 -0.212504E-16
 -0.162839E-10 -0.952425E-03 -0.130379E-08  0.129189E-03 -0.935918E-12  0.111354E-11
  0.952421E-03  0.565548E-11 -0.285223E-08 -0.177414E-12  0.129189E-03 -0.440457E-19
 -0.409519E-17 -0.770319E-11  0.581276E-17  0.104488E-11  0.475125E-17  0.706650E-15
*******
  0.167089E-01  0.494680E-10 -0.113705E-07  0.312497E-10  0.226576E-02  0.285687E-16
  0.109232E-09  0.167088E-01 -0.270960E-07 -0.226576E-02  0.127756E-10 -0.194753E-10
  0.183945E-09  0.121609E-08  0.365233E-01  0.259848E-08 -0.566160E-09 -0.208167E-16
 -0.704237E-11 -0.227376E-02 -0.764032E-09  0.308328E-03 -0.818012E-12  0.265032E-11
  0.227377E-02  0.516120E-11 -0.105058E-08 -0.159694E-11  0.308328E-03 -0.786724E-17
 -0.154651E-16 -0.183896E-10 -0.313131E-16  0.249367E-11 -0.657218E-17  0.140928E-14
*******
  0.173304E-01 -0.146507E-09 -0.332839E-07  0.581224E-11  0.235023E-02 -0.433681E-16
  0.206668E-09  0.173303E-01  0.156655E-07 -0.235023E-02 -0.547118E-11 -0.201960E-10
 -0.235495E-07  0.544559E-08  0.387814E-01  0.917396E-09 -0.325963E-08  0.704731E-16
  0.493205E-11 -0.235834E-02  0.424070E-09  0.319824E-03  0.181455E-11  0.274828E-11
  0.235834E-02  0.640732E-11 -0.361911E-08 -0.187406E-11  0.319823E-03 -0.454687E-17
  0.652825E-16 -0.190622E-10  0.503341E-16  0.258512E-11 -0.344467E-17  0.172951E-14
*******
  0.149174E-01 -0.505480E-10 -0.258951E-07  0.473221E-11  0.202294E-02 -0.771410E-16
  0.202441E-09  0.149173E-01  0.143343E-07 -0.202293E-02  0.796518E-11 -0.173745E-10
 -0.183525E-07 -0.771597E-08  0.360914E-01 -0.422041E-09 -0.293380E-08  0.162630E-17
 -0.158158E-10 -0.202997E-02 -0.134017E-08  0.275284E-03  0.597300E-12  0.236434E-11
  0.202998E-02  0.362634E-10 -0.328032E-08  0.183054E-11  0.275285E-03  0.364563E-17
  0.425909E-17 -0.164180E-10  0.184194E-16  0.222647E-11  0.231346E-18  0.153922E-14
*******
  0.523044E-02 -0.755307E-11  0.229534E-08 -0.346390E-11  0.709394E-03  0.249095E-16
 -0.314806E-10  0.523038E-02 -0.748344E-10 -0.709384E-03  0.102318E-11 -0.609510E-11
  0.321461E-08  0.495781E-10  0.131192E-01 -0.302922E-09  0.571276E-09  0.221448E-16
 -0.713207E-11 -0.711758E-03  0.522018E-10  0.965341E-04  0.127454E-12  0.829453E-12
  0.711765E-03 -0.612044E-11  0.213305E-09 -0.633937E-12  0.965354E-04 -0.252755E-17
 -0.395353E-18 -0.575788E-11  0.538162E-17  0.780931E-12  0.188015E-17  0.636425E-15
*******
  0.000000E+00  0.000000E+00  0.000000E+00  0.000000E+00  0.000000E+00  0.000000E+00
  0.000000E+00  0.000000E+00  0.000000E+00  0.000000E+00  0.000000E+00  0.000000E+00
  0.000000E+00  0.000000E+00  0.000000E+00  0.000000E+00  0.000000E+00  0.000000E+00
  0.000000E+00  0.000000E+00  0.000000E+00  0.000000E+00  0.000000E+00  0.000000E+00
  0.000000E+00  0.000000E+00  0.000000E+00  0.000000E+00  0.000000E+00  0.000000E+00
  0.000000E+00  0.000000E+00  0.000000E+00  0.000000E+00  0.000000E+00  0.000000E+00
*******
  0.000000E+00  0.000000E+00  0.000000E+00  0.000000E+00  0.000000E+00  0.000000E+00
  0.000000E+00  0.000000E+00  0.000000E+00  0.000000E+00  0.000000E+00  0.000000E+00
  0.000000E+00  0.000000E+00  0.000000E+00  0.000000E+00  0.000000E+00  0.000000E+00
  0.000000E+00  0.000000E+00  0.000000E+00  0.000000E+00  0.000000E+00  0.000000E+00
  0.000000E+00  0.000000E+00  0.000000E+00  0.000000E+00  0.000000E+00  0.000000E+00
  0.000000E+00  0.000000E+00  0.000000E+00  0.000000E+00  0.000000E+00  0.000000E+00
*******
  0.000000E+00  0.000000E+00  0.000000E+00  0.000000E+00  0.000000E+00  0.000000E+00
  0.000000E+00  0.000000E+00  0.000000E+00  0.000000E+00  0.000000E+00  0.000000E+00
  0.000000E+00  0.000000E+00  0.000000E+00  0.000000E+00  0.000000E+00  0.000000E+00
  0.000000E+00  0.000000E+00  0.000000E+00  0.000000E+00  0.000000E+00  0.000000E+00
  0.000000E+00  0.000000E+00  0.000000E+00  0.000000E+00  0.000000E+00  0.000000E+00
  0.000000E+00  0.000000E+00  0.000000E+00  0.000000E+00  0.000000E+00  0.000000E+00
*******
  0.000000E+00  0.000000E+00  0.000000E+00  0.000000E+00  0.000000E+00  0.000000E+00
  0.000000E+00  0.000000E+00  0.000000E+00  0.000000E+00  0.000000E+00  0.000000E+00
  0.000000E+00  0.000000E+00  0.000000E+00  0.000000E+00  0.000000E+00  0.000000E+00
  0.000000E+00  0.000000E+00  0.000000E+00  0.000000E+00  0.000000E+00  0.000000E+00
  0.000000E+00  0.000000E+00  0.000000E+00  0.000000E+00  0.000000E+00  0.000000E+00
  0.000000E+00  0.000000E+00  0.000000E+00  0.000000E+00  0.000000E+00  0.000000E+00
*******
  0.000000E+00  0.000000E+00  0.000000E+00  0.000000E+00  0.000000E+00  0.000000E+00
  0.000000E+00  0.000000E+00  0.000000E+00  0.000000E+00  0.000000E+00  0.000000E+00
  0.000000E+00  0.000000E+00  0.000000E+00  0.000000E+00  0.000000E+00  0.000000E+00
  0.000000E+00  0.000000E+00  0.000000E+00  0.000000E+00  0.000000E+00  0.000000E+00
  0.000000E+00  0.000000E+00  0.000000E+00  0.000000E+00  0.000000E+00  0.000000E+00
  0.000000E+00  0.000000E+00  0.000000E+00  0.000000E+00  0.000000E+00  0.000000E+00
*******
  0.000000E+00  0.000000E+00  0.000000E+00  0.000000E+00  0.000000E+00  0.000000E+00
  0.000000E+00  0.000000E+00  0.000000E+00  0.000000E+00  0.000000E+00  0.000000E+00
  0.000000E+00  0.000000E+00  0.000000E+00  0.000000E+00  0.000000E+00  0.000000E+00
  0.000000E+00  0.000000E+00  0.000000E+00  0.000000E+00  0.000000E+00  0.000000E+00
  0.000000E+00  0.000000E+00  0.000000E+00  0.000000E+00  0.000000E+00  0.000000E+00
  0.000000E+00  0.000000E+00  0.000000E+00  0.000000E+00  0.000000E+00  0.000000E+00
