  0.2945535       3.141593       3.281157      1.4822161E-08 -3.7501495E-09
 -1.4673321E-16 -7.1168563E-07  1.7535058E-09 -9.5345354E-10 -7.3082003E-18
  0.5141580      2.5401268E-09 -8.2851112E-17  1.4540284E-25   11.99353    
  -3.140416       3.400304      8.0886530E-03 -2.5170075E-09  8.1413987E-11
 -5.4069699E-07  1.9185245E-07 -1.3113974E-08 -1.9788615E-12  0.5312225    
  1.5093843E-03  9.2298196E-17  1.7096831E-19   30.73011      -3.107005    
   3.744950      0.5019277      4.1704940E-08 -1.9726940E-09 -9.6333554E-07
 -9.8068267E-07 -1.2040511E-09 -1.5563728E-10  0.5906612      9.1004029E-02
  1.8136314E-15 -9.5621549E-18   18.36601      -2.989512       4.133892    
   4.590679      2.4704652E-09  4.8239599E-09  6.8952465E-07 -1.9520521E-06
  2.6137197E-09 -3.0286174E-10  0.6473790      0.7993780     -1.9251403E-15
  9.2276447E-16   84.47858      0.5156280       3.705954       13.27427    
 -2.3732458E-08  3.4648110E-08 -2.2051614E-07  1.3578683E-06 -7.5448821E-09
  2.2964741E-08  0.5614566       2.208338     -1.9556871E-15  2.5950650E-15
   245.1673      0.7048183       2.779124       19.44773      1.0715338E-08
  1.1846714E-07  2.5053323E-08 -2.0209700E-07 -9.1229656E-11  1.2045348E-08
  0.4042375       3.091840     -8.2811399E-16  4.9389746E-15   337.5165    
  0.8084898       2.071641       21.43765      3.1840919E-08 -2.2686436E-08
  1.3345828E-08  1.9725412E-06 -6.4574340E-10 -1.1350494E-08  0.2937105    
   3.260641     -4.7156654E-16  6.0554860E-15   248.1291      0.8272822    
   1.651577       21.08836      5.0994449E-09 -4.0832674E-07  1.2573685E-07
  4.5024790E-06 -5.7371746E-10  8.1981852E-09  0.2334771       3.069182    
 -5.9863005E-16 -2.9048812E-14   22.44899      0.3792512       1.341893    
   22.35765      1.2072722E-08 -3.1141099E-09 -7.6620199E-07 -9.9958852E-06
 -3.7385953E-10  1.7269485E-08  0.2069921       3.700181     -5.8563736E-16
 -8.0827272E-15   164.3747      -2.225056       1.292464       18.58342    
 -1.9270491E-08 -1.0577787E-07  1.6289246E-08 -3.8333237E-05 -1.4531938E-09
 -2.3719622E-09  0.1943294       2.625278      1.2432036E-15 -4.0527477E-15
   79.56126      -2.463253       1.196313       18.39145     -1.0626665E-08
 -3.9191218E-07 -2.3221044E-07  2.9383227E-06  4.7674020E-10 -2.7284841E-09
  0.1847089       2.556994      2.5523036E-15  3.3132134E-15   99.17410    
   1.024467       1.216058       15.43913      1.2165177E-08 -8.5216016E-08
  2.6040885E-07  2.8153881E-06  4.6174506E-10 -1.1352313E-08  0.1895455    
   2.113154     -4.7460828E-16 -1.5019236E-14   43.47496      0.3883265    
   1.192343       14.32047      5.3383720E-09 -1.5480327E-07 -2.8343442E-07
 -2.4540350E-07  8.5047247E-10  1.0729309E-08  0.1891844       1.926989    
 -2.5684002E-15  1.4272437E-15   78.48071      -2.204899       1.238137    
   12.51534     -1.8872752E-09  1.1292286E-08 -1.4614393E-07  1.2002420E-06
  2.0997242E-09  4.5947672E-09  0.1965116       1.685623     -9.4995327E-16
 -4.6715236E-14   31.36688       1.612430       1.235197       11.46658    
  7.8573477E-09 -3.4990080E-08 -2.8500634E-07 -4.1162129E-06  5.1122429E-10
 -6.0663297E-10  0.1978581       1.533930     -1.9639575E-15  2.5634876E-15
   32.11280      0.4713474       1.240024       10.65913     -9.3606918E-09
  1.8320134E-07 -4.0614901E-07 -3.9618462E-06 -1.2187458E-09  3.4560799E-10
  0.1996773       1.409442      4.6620963E-16  1.3285380E-14   46.62775    
  -2.301630       1.314977       9.203538     -1.1162295E-08 -1.5357000E-07
 -2.3862722E-07 -1.6922131E-06  3.7795100E-10 -5.5647433E-09  0.2098170    
   1.233543     -5.3509464E-16 -4.3240693E-15   36.30536       1.138898    
   1.300040       8.466297      3.0915464E-09 -5.2015821E-08 -4.0570046E-07
 -1.3636891E-06  6.1690947E-10  9.0631147E-10  0.2088462       1.131226    
  1.4848914E-15  6.3323912E-15   23.43634      -1.711299       1.315324    
   7.838737     -5.3667293E-09 -7.0369424E-08 -4.9174361E-07  2.5785994E-07
  1.8074918E-09  6.1622814E-09  0.2115456       1.043502     -3.7811405E-16
 -6.3044188E-15   14.10262       1.805336       1.328849       6.893846    
  2.4807481E-09  5.1628376E-08 -1.3130160E-06 -3.5628851E-05 -2.7225538E-10
 -7.7357072E-09  0.2114897      0.9173231     -1.2973608E-15 -1.2954048E-15
   10.03448      -1.012807       1.344888       6.421361      2.0088108E-10
 -1.2787496E-08 -3.1857698E-07  3.7385034E-06  2.3671622E-09  4.0829491E-09
  0.2123814      0.8523346     -4.2465144E-16  5.0707051E-15   8.198109    
   2.199661       1.357659       5.641675     -5.6202083E-09 -3.3816832E-08
 -2.1695787E-07 -3.9258157E-06 -1.8652928E-10  2.6120688E-09  0.2136353    
  0.7504982     -5.6856541E-16 -2.8705879E-15   7.455725      -1.202300    
   1.365161       4.921311     -1.9580630E-08  3.0882802E-08 -1.0317111E-06
  5.5384589E-06  8.0153267E-10 -1.8560513E-09  0.2141732      0.6548916    
 -8.4961153E-16  5.3904364E-15   8.034721       1.540481       1.374978    
   4.289976      1.3394573E-08 -1.1452721E-07 -4.2378900E-07  5.2591204E-06
  6.7654599E-10 -4.3281716E-09  0.2154968      0.5697196      1.9850816E-15
  6.4053038E-15   8.584919      -1.923266       1.379994       3.467321    
  6.1403922E-09  2.2327185E-08 -1.8785451E-07  3.0244701E-07  7.2315121E-10
 -4.6582045E-09  0.2163881      0.4612255     -3.0381384E-15  1.4575526E-14
   4.227257      0.7754490       1.358569       1.285517     -2.2791992E-08
  2.2978384E-09 -3.3930684E-07 -6.2497566E-07 -2.6105877E-09 -2.3272833E-09
  0.2137597      0.1705473      1.9135895E-15  2.2132564E-15   11.81735    
  -2.691856       1.489844       3.589914      5.9336847E-09 -3.0740921E-10
 -7.1584225E-07 -1.2183373E-06  2.6965330E-10  1.1061729E-09  0.2318395    
  0.4777195     -9.1171863E-16  5.1385220E-15   1.409943     -0.6115583    
   1.433389       2.192906     -3.5490280E-09 -3.0194769E-08 -1.0036772E-06
 -3.4351251E-06  1.4642269E-09 -2.6324187E-10  0.2247282      0.2892975    
 -4.9419264E-17  2.8544333E-15   3.692612      9.5057279E-02   1.416980    
  0.2234931     -6.4950614E-09 -1.7034836E-09 -9.1812473E-07 -1.2290839E-06
 -1.9553450E-09  4.5940851E-10  0.2232367      2.9486526E-02 -6.8489909E-16
  7.1969340E-16   12.06865      -2.919296       1.554847       2.010419    
 -9.1850003E-09  1.2821147E-08 -5.9853897E-07 -2.9898365E-07 -2.9431557E-10
  2.1458391E-09  0.2418775      0.2694484     -3.5478102E-16 -6.7956708E-15
   2.558201      -3.011511       1.464384      0.4434105      1.4483100E-08
  5.4797056E-10 -3.6103486E-07  3.9109727E-07  2.7431837E-09  3.4594905E-10
  0.2301138      5.9059322E-02 -1.9029171E-15  1.0652286E-17   14.11041    
 -0.3436490       1.567248      -3.619066     -6.4385750E-09 -3.1424861E-08
 -5.6465552E-07  3.9507868E-06 -6.3900982E-11  3.3833203E-09  0.2443656    
 -0.4850002     -1.6627363E-16 -1.5986561E-15   2.751935     -1.9665482E-02
   1.490541     -9.1832958E-02  7.7842186E-09  4.3337423E-10 -2.5934301E-07
 -1.4483812E-06 -3.7469294E-10  5.2011728E-11  0.2342730     -1.2399742E-02
  1.4860963E-15  7.7374088E-16   9.984595       3.141125       1.573919    
 -2.2694128E-02 -6.7089077E-09  5.0903282E-11 -1.0251873E-06 -5.7282159E-07
 -8.7588514E-10 -1.1944223E-11  0.2456720     -2.8391781E-03  1.6182881E-15
  1.2234544E-15   6.118365       2.940105       1.511226      -1.346136    
 -1.4689552E-08  9.8098099E-09 -5.5059689E-07  2.6194903E-07 -3.0150969E-12
  4.3780801E-10  0.2374136     -0.1812533      2.6396359E-15  1.2181011E-15
  0.6468173      -3.140973       1.508601     -6.0440693E-04  7.4836013E-09
  1.3460522E-10 -7.7516984E-07 -9.5661380E-07 -4.1987844E-10 -1.3756107E-11
  0.2373606     -2.7961105E-05  1.6656146E-15  3.3573404E-15   3.755333    
 -0.6866548       1.482369      -3.989697      1.4608551E-08  1.2823875E-08
 -9.2486010E-07 -2.8172508E-08 -1.0653057E-09 -9.7575139E-09  0.2339372    
 -0.5391419     -7.1397529E-16  1.7210625E-15   19.28410     -0.3974016    
   1.604108      -5.362594      2.3379153E-08  1.2369128E-08 -2.9944238E-07
 -2.9690273E-06 -5.1740141E-09 -6.2805157E-09  0.2505476     -0.7258911    
 -3.3901453E-16 -1.8132739E-15   1.729093       2.829921       1.625173    
  -4.468650     -1.2036585E-08  1.1110387E-08 -8.1237681E-07  8.2184706E-06
  2.5912217E-10 -3.2055141E-09  0.2534876     -0.6040545      1.3753456E-15
 -3.5635557E-15   8.637118     -9.0024561E-02   1.640680      -1.409843    
 -1.6360419E-08 -4.9658411E-09 -7.0320692E-07  5.5665150E-06  1.7263486E-09
 -6.4380856E-10  0.2556953     -0.1905558     -6.8835837E-16  6.7972971E-15
   11.09203       3.092263       1.641548     -0.7993869      1.3246463E-08
  3.1745913E-09 -1.9085030E-07  6.6537177E-07  6.8224332E-10  2.0145308E-10
  0.2560425     -0.1082637     -1.0449547E-15 -1.1838512E-14   6.109313    
 -7.9666629E-02   1.643484      -1.325927      1.1231386E-08 -1.4952093E-09
 -1.0703118E-06 -4.3463660E-07 -1.9127724E-09 -1.5154455E-10  0.2563975    
 -0.1796860      2.2095987E-16  1.2694923E-14   2.850524       3.109023    
   1.646676     -0.5753361      8.2059044E-09  4.4910848E-09 -4.9015210E-07
 -2.3993198E-06 -3.5752201E-10  7.5147000E-11  0.2569106     -7.7662222E-02
  6.4735716E-16 -2.8195762E-15   9.781394       3.131194       1.639657    
 -0.1979329     -6.7875408E-09 -8.1877261E-10 -3.5803083E-07 -2.1906017E-06
  1.6841565E-09 -2.9592684E-10  0.2560298     -2.6512135E-02 -1.2817989E-15
  2.2438309E-15  0.8655081      -3.119245       1.630217      0.3529257    
  1.1622536E-08  7.6772722E-10 -6.3834688E-07 -1.5369733E-07 -8.7783264E-10
  4.0603254E-10  0.2548119      4.7929399E-02  2.0258093E-15  5.2232524E-15
   6.836157      1.7775772E-03   1.634699      2.8163610E-02 -3.6981980E-09
 -2.6844305E-11 -1.3679439E-06 -6.8272493E-07 -1.8726689E-09 -6.0009775E-12
  0.2554874      3.8358204E-03 -2.7986062E-15  4.9869234E-16   8.584306    
 -3.5637036E-02   1.641370     -0.6130953     -2.1262352E-08  6.6779648E-09
 -2.6983491E-07  3.6977872E-07  7.4087964E-10  3.1445779E-10  0.2564559    
 -8.3226979E-02 -2.7737362E-15  1.1931476E-15   6.826020     -4.1864965E-02
   1.647695     -0.7499292      1.8289562E-09 -1.0297754E-08 -1.2775200E-06
  3.6449364E-07  4.5942330E-10  1.5432988E-10  0.2573726     -0.1018199    
  9.8251726E-17 -1.2231427E-15   3.434219     -2.5406121E-03   1.643702    
 -4.5629025E-02  9.3428234E-09 -9.8879127E-11 -8.5858153E-07  2.3362372E-07
 -1.0694624E-11  5.5777605E-13  0.2568823     -6.1926465E-03  1.2773634E-15
 -9.9949888E-17  0.1341181      2.4715157E-03   1.635974      4.5052778E-02
  3.8835313E-09 -1.8674484E-10 -8.6973216E-07 -5.6363115E-07  1.0616848E-10
  5.7848837E-11  0.2559362      6.1308574E-03  5.8177203E-16 -9.4925288E-17
   1.301538      -3.111445       1.643073      0.5461021      2.2371311E-09
 -7.7898221E-10 -4.1182929E-07 -5.3709664E-07  1.1835986E-09 -4.2183501E-10
  0.2569475      7.4314378E-02  1.4469474E-15  1.2176946E-16   1.883898    
  5.0013795E-02   1.633514      0.8765822     -2.6712977E-08  4.1536623E-09
 -1.1003491E-06 -2.1424785E-07  4.8445794E-09 -9.8867758E-10  0.2556894    
  0.1192866      3.7453116E-16 -2.4302392E-16   4.009133      1.6224353E-02
   1.638059      0.2940353     -2.1363697E-08  2.8456952E-09 -8.6522840E-07
 -6.2138133E-07 -5.1348710E-11 -1.9039703E-10  0.2563477      4.0012807E-02
  3.2787888E-16 -5.8530654E-16   2.480585      1.8007454E-02   1.641132    
  0.3353864     -4.6016559E-09  1.9017534E-09 -1.0549961E-06 -1.2052988E-07
  6.3237243E-10  7.5573325E-11  0.2568038      4.5639928E-02 -2.8886420E-15
  3.9523235E-16   1.466926       3.138968       1.651197     -5.1964723E-02
  2.7896631E-11 -1.4699708E-10 -8.0309837E-07  5.0151539E-07 -1.4582330E-11
 -1.0281553E-11  0.2582094     -7.0714429E-03  1.1465547E-15 -2.7342224E-17
  0.3101630       3.139944       1.649144     -3.2479133E-02  1.8155285E-08
 -2.1242386E-10 -7.7069450E-07 -1.2635246E-07  1.5177132E-09  4.2080117E-11
  0.2579638     -4.4198139E-03  1.1185026E-15 -2.8837237E-17  5.9270971E-02
  4.6096784E-03   1.648075      9.1804273E-02  9.6730179E-09 -9.8390274E-10
 -1.1016527E-06  1.5401383E-08 -8.3645313E-10 -1.5113244E-11  0.2578504    
  1.2492857E-02 -5.5148277E-16 -2.6247010E-17  0.2418232      -3.137062    
   1.645488      8.9884631E-02  9.9051416E-09  8.9215746E-10 -9.2736349E-07
 -1.7910315E-07 -8.8910782E-11 -2.0683188E-10  0.2575290      1.2231646E-02
 -4.7237127E-16  1.6364677E-16  0.2508695      7.9777027E-03   1.644477    
  0.1594948      3.5330871E-08 -1.6245849E-10 -5.9763966E-07 -4.3870386E-08
 -1.6744377E-09  2.6318503E-11  0.2574203      2.1704312E-02  3.7303426E-16
 -1.6173586E-16   1.257954      -3.132047       1.644981      0.1948209    
 -2.1474143E-08  1.6848389E-10 -7.7476869E-07 -4.2969623E-07  1.0703406E-09
 -2.1242386E-10  0.2575158      2.6511557E-02  6.3423620E-16 -1.7686726E-16
  0.6863553      -3.134600       1.646176      0.1453324     -2.3950739E-09
 -1.3367298E-09 -8.3963209E-07 -9.7643351E-08  1.4989190E-09  1.0950885E-10
  0.2577047      1.9777063E-02 -3.8173011E-16 -5.4675638E-16  0.2256414    
  1.2967451E-02   1.650823      0.2784543      8.5388203E-09 -8.1877261E-10
 -1.4747320E-07 -1.8504215E-07  1.9516662E-09 -5.7866600E-11  0.2583622    
  3.7892468E-02 -1.9162723E-15  5.6916548E-16  0.8480448      -3.133985    
   1.654205      0.1682598      8.7351628E-09  4.5031356E-10 -1.0307006E-06
 -6.3475454E-08 -1.6937775E-09 -3.8234305E-10  0.2588458      2.2897059E-02
 -4.5493213E-16 -5.9722599E-17  0.8163634     -3.9046470E-04   1.658252    
 -8.9697512E-03 -8.4076914E-09  5.0121685E-11  1.3361836E-08  7.8878202E-09
 -1.1189233E-09  1.6327828E-11  0.2594188     -1.2206183E-03  1.2314553E-15
 -8.2839822E-19  0.1516554      -3.141303       1.657972      6.9989059E-03
  2.2779079E-09  7.0972561E-11 -1.0383148E-06 -1.6258582E-08 -2.2201037E-09
 -1.6283863E-11  0.2594023      9.5242134E-04  1.1428486E-15 -4.0951925E-18
  0.1477388      7.0945482E-04   1.657889      1.6708871E-02 -8.4659098E-09
  1.0923173E-10 -3.1812931E-07  1.8394530E-10  9.5072838E-10 -7.0423667E-12
  0.2594116      2.2737689E-03  5.3023998E-17 -1.5465128E-17  0.2700081    
  -3.140870       1.658392      1.7330376E-02  6.0936189E-09  2.0666846E-10
 -5.4612110E-07 -2.3549546E-08 -1.7242762E-09  4.9320548E-12  0.2594995    
  2.3583402E-03 -7.8235124E-16  6.5282523E-17  0.2916954      6.1745103E-04
   1.659615      1.4917372E-02 -1.9364750E-08  2.0244073E-10 -6.7176950E-07
 -1.8352466E-08  1.4705593E-09 -1.5815793E-11  0.2596846      2.0299805E-03
  3.7230836E-16  4.2590934E-18  4.2783722E-02  2.1178222E-04   1.661962    
  5.2304412E-03  1.0277950E-10 -3.1480596E-11 -7.9992282E-07  3.2146090E-09
  7.8596088E-11 -7.1320727E-12  0.2600220      7.1176491E-04 -2.1561596E-16
 -3.9535263E-19  1.3607518E-02 -1.3750746E-04   1.650841      0.0000000E+00
 -1.3617059E-08  0.0000000E+00 -1.0120796E-06  0.0000000E+00  8.0339851E-10
  0.0000000E+00  0.2585257      0.0000000E+00 -8.2584601E-16  0.0000000E+00
  7.1585231E-02  1.0345745E-05   1.651967      0.0000000E+00 -1.1433844E-09
  0.0000000E+00 -5.3078094E-07  0.0000000E+00 -1.5721535E-09  0.0000000E+00
  0.2586952      0.0000000E+00  5.7858348E-16  0.0000000E+00  1.3860269E-02
 -2.7656240E-05   1.653044      0.0000000E+00 -3.1715535E-09  0.0000000E+00
 -5.3888999E-07  0.0000000E+00  1.5539262E-10  0.0000000E+00  0.2588575    
  0.0000000E+00 -2.4741945E-15  0.0000000E+00  0.1011692      1.9228808E-06
   1.654076      0.0000000E+00 -9.8435073E-09  0.0000000E+00 -7.4560143E-07
  0.0000000E+00  4.9208021E-10  0.0000000E+00  0.2590128      0.0000000E+00
 -2.5429397E-15  0.0000000E+00  0.1320913      -3.141587       1.655066    
  0.0000000E+00 -6.4326051E-09  0.0000000E+00 -3.6650454E-07  0.0000000E+00
 -3.2932836E-09  0.0000000E+00  0.2591624      0.0000000E+00  2.8616095E-16
  0.0000000E+00  3.7112579E-02  1.3389082E-05   1.656018      0.0000000E+00
  2.6394882E-09  0.0000000E+00 -2.5131632E-07  0.0000000E+00  2.3153406E-11
  0.0000000E+00  0.2593054      0.0000000E+00 -1.8844865E-15  0.0000000E+00
  1.5177935E-07  -1.624338     -3.2265838E-08  6.4038401E-16   3.281154    
  1.4501950E-08  5.2894995E-07  3.1060665E-09 -0.5141580     -2.5523761E-09
 -1.3718211E-09 -3.5170502E-17 -4.1332204E-09 -1.3077778E-17  3.8701191E-06
  -1.481798      3.7966686E-08  2.3504754E-11   3.400301      8.0886604E-03
  5.2157357E-06  2.5724876E-07 -0.5312219     -1.5093784E-03  2.8909108E-09
 -3.5935699E-12 -4.2819868E-09 -9.8162476E-12  4.3180000E-05  -3.018107    
  2.8987950E-08 -6.8939698E-10   3.744948      0.5019268     -7.8236303E-07
 -3.4913828E-06 -0.5906617     -9.1004111E-02  2.3735880E-09 -3.8323833E-10
 -4.7013629E-09 -6.1135402E-10  7.3159274E-05  -1.071480     -1.7439215E-08
  2.1769665E-08   4.133892       4.590677      6.7647500E-07  5.2159303E-06
 -0.6473790     -0.7993779     -4.4016986E-09 -8.2372935E-09 -5.1829980E-09
 -5.6169722E-09  2.7262946E-05  -2.600198      5.1601237E-08  4.5256456E-09
   3.705954       13.27427      6.1395195E-07 -2.4779583E-06 -0.5614569    
  -2.208339     -3.8135575E-09  7.3141564E-09 -4.6625952E-09 -1.6306894E-08
  8.9435933E-05  -2.010375     -4.0771365E-08  3.2878597E-07   2.779126    
   19.44772     -3.9670635E-07  2.9213843E-06 -0.4042374      -3.091836    
  1.2224775E-09 -1.2449163E-08 -3.5198693E-09 -2.3954575E-08  3.3713939E-05
  0.3623668     -1.1399561E-09 -2.0216976E-07   2.071640       21.43768    
  2.0378522E-07 -2.5370973E-06 -0.2937107      -3.260642      2.3007650E-10
  4.3819455E-08 -2.6422955E-09 -2.6440022E-08  4.7795284E-06  0.5704038    
  1.0615269E-08  1.2399687E-07   1.651576       21.08836      1.1427925E-07
  4.5694469E-07 -0.2334772      -3.069180      4.2774553E-10  1.5643309E-10
 -2.1181965E-09 -2.5976432E-08  1.0144789E-05 -0.2304165      5.1248161E-10
 -1.3905810E-07   1.341893       22.35767     -1.2306279E-07 -1.2174714E-06
 -0.2069922      -3.700181      5.0197996E-10  3.2592652E-08 -1.7318097E-09
 -2.7387676E-08  1.2899564E-05  -2.554591      1.8280485E-08 -5.3332769E-08
   1.292465       18.58345     -9.3071776E-08 -3.6476413E-06 -0.1943291    
  -2.625278     -2.2083305E-10  4.6651621E-08 -1.6704884E-09 -2.2629939E-08
  4.4883473E-06   2.498797     -1.1441764E-08 -1.4097895E-07   1.196313    
   18.39145     -2.6373436E-07 -4.1367166E-06 -0.1847091      -2.556996    
 -6.4971672E-10  9.7097654E-09 -1.5582502E-09 -2.2378284E-08  7.6207871E-06
 -0.3231853      3.8967904E-09  2.1660526E-07   1.216058       15.43913    
  5.0384148E-07 -4.2880856E-06 -0.1895457      -2.113152      1.1962348E-09
  1.8311766E-08 -1.5860990E-09 -1.8520497E-08  4.5895772E-06   2.979125    
 -2.1959961E-09 -2.3494067E-08   1.192342       14.32047     -1.6417644E-07
  9.9017780E-07 -0.1891845      -1.926989      4.0831141E-10  9.3587005E-10
 -1.5603125E-09 -1.7074649E-08  3.0195215E-06  -2.272416     -2.8439466E-09
 -3.8991857E-08   1.238137       12.51534     -3.9958101E-07 -1.1483120E-05
 -0.1965116      -1.685622     -1.4395688E-09  9.8734745E-09 -1.6271549E-09
 -1.4737275E-08  8.5495446E-07  0.8270047     -2.9437797E-09  1.0065196E-07
   1.235198       11.46658     -3.0205359E-07 -3.7552309E-06 -0.1978579    
  -1.533928     -3.4077581E-09  1.4988473E-09 -1.6251535E-09 -1.3363750E-08
  6.3709842E-07 -0.9237686     -1.6204680E-09  1.7043931E-08   1.240024    
   10.65914     -7.3660681E-07  1.7724306E-06 -0.1996775      -1.409442    
 -9.6186991E-12 -1.4401849E-09 -1.6353843E-09 -1.2519996E-08  7.0113941E-07
   1.608330      1.3720896E-08  1.3948011E-08   1.314976       9.203526    
 -6.6387730E-07 -4.0285995E-06 -0.2098173      -1.233541     -2.6998017E-09
  1.9153958E-09 -1.7342933E-09 -1.0532467E-08  1.4726551E-06  -1.924370    
 -3.4774899E-09  1.1233715E-07   1.300040       8.466291     -8.8332638E-07
  4.0074956E-06 -0.2088463      -1.131226     -5.0192633E-10 -2.2346285E-09
 -1.7166901E-09 -9.6814290E-09  2.0892521E-06   3.061408      3.1784644E-09
  6.2096660E-08   1.315323       7.838739      2.7402822E-07  4.5458510E-06
 -0.2115455      -1.043503      1.8320578E-09  8.5497049E-09 -1.7371373E-09
 -8.9693017E-09  1.1665948E-06  -2.122631      9.8155226E-09  1.5483238E-08
   1.328848       6.893840     -2.6031913E-07 -4.0890154E-07 -0.2114897    
 -0.9173228      3.7435113E-10 -1.2354576E-08 -1.7601790E-09 -7.8240197E-09
  8.4493689E-07   2.026395      2.2130967E-11 -5.2337782E-08   1.344888    
   6.421361      5.8094128E-07  3.9653187E-06 -0.2123813     -0.8523349    
  1.9322036E-10 -1.1716338E-08 -1.7843298E-09 -7.3261530E-09  2.0969685E-06
 -0.3377533      7.4238651E-09 -4.3968612E-08   1.357658       5.641669    
  4.4963613E-07 -1.3910540E-07 -0.2136356     -0.7504988     -1.3478768E-09
 -1.3983481E-09 -1.8033915E-09 -6.3735821E-09  8.6845847E-07   2.819382    
 -4.0285730E-09  2.8941940E-08   1.365162       4.921307     -4.1142556E-07
  4.9306254E-07 -0.2141729     -0.6548913     -2.1041200E-09  2.0711468E-09
 -1.8097541E-09 -5.5184053E-09  2.8694657E-07 -0.1570949      5.8836531E-09
 -1.0025360E-08   1.374976       4.289972      6.7822958E-07  1.4380203E-07
 -0.2154968     -0.5697197     -2.3519793E-09 -4.4462922E-09 -1.8223550E-09
 -4.8132880E-09  2.9106593E-07 -3.6604699E-02  8.4845952E-09 -3.7532118E-08
   1.379992       3.467318     -2.7566696E-07  1.7519706E-06 -0.2163882    
 -0.4612254      3.1994825E-09 -4.6517243E-09 -1.8318449E-09 -3.8780650E-09
  1.1659332E-07   3.037064     -8.8188337E-09  6.0435923E-09   1.358568    
   1.285517      3.2288065E-07  2.7193073E-07 -0.2137595     -0.1705474    
  5.8937755E-10  1.4322268E-09 -1.8102421E-09 -1.4426096E-09  3.5206295E-07
  0.6545704     -5.5636495E-10  4.1320163E-08   1.489844       3.589928    
 -3.9953301E-07  4.8921322E-07 -0.2318391     -0.4777206      2.3684876E-10
 -8.6758973E-09 -1.9540412E-09 -4.0078407E-09  7.1530010E-08  -1.016979    
 -2.2826012E-09  5.2114046E-10   1.433387       2.192912     -1.7300247E-08
 -4.1962267E-08 -0.2247283     -0.2892978     -5.1251098E-10 -8.7453600E-10
 -1.8927153E-09 -2.4371858E-09  1.2662790E-07   2.290764     -5.8587211E-09
  5.2596079E-09   1.416979      0.2235038     -1.4166061E-06 -5.4255270E-07
 -0.2232366     -2.9487874E-02  5.0956001E-10 -2.0895641E-10 -1.8704294E-09
 -2.4591085E-10  1.3550552E-07  -1.639795     -1.4221327E-09 -6.9712769E-09
   1.554847       2.010408     -8.1754740E-07  1.8021638E-08 -0.2418777    
 -0.2694473      7.9818380E-10 -2.8671820E-10 -2.0254511E-09 -2.2825426E-09
  2.2436951E-07   1.069303      1.1760404E-08 -1.0551503E-08   1.464382    
  0.4434178      6.5025979E-08 -4.6300738E-07 -0.2301139     -5.9060320E-02
  8.0132839E-10 -1.0010126E-10 -1.9258874E-09 -4.9746957E-10  9.4552824E-08
   2.721251     -5.9494021E-10  2.9707735E-08   1.567248      -3.619075    
 -5.8010636E-07 -6.7707788E-08 -0.2443655      0.4850010      1.5534550E-10
 -2.7011993E-09 -2.0347211E-09  4.0046984E-09  2.7710740E-07 -0.9368843    
 -1.6887870E-09 -1.1755219E-09   1.490541     -9.1825001E-02  5.3061643E-07
  3.5983066E-07 -0.2342730      1.2398713E-02  1.0141261E-10  2.0241941E-10
 -1.9509396E-09  1.0365074E-10  1.2344923E-07  -1.261282      1.3119641E-08
 -5.9600325E-11   1.573917     -2.2717865E-02 -6.6356063E-07 -2.7820533E-07
 -0.2456722      2.8424019E-03 -1.0901975E-09 -4.5972115E-12 -2.0446174E-09
  1.9596332E-11  2.2907238E-07   1.502119     -1.2631245E-08  1.4203579E-08
   1.511224      -1.346127     -3.0688861E-07  1.3963199E-07 -0.2374135    
  0.1812526     -1.0542789E-09  1.1746124E-09 -1.9763817E-09  1.4959010E-09
  3.0020321E-06  -1.590509      5.9759446E-09 -6.0572347E-10   1.508600    
 -6.0034863E-04 -6.6633731E-07  2.7986971E-08 -0.2373604      2.7280774E-05
  5.5951244E-10 -3.6095571E-11 -1.9736455E-09  6.1677866E-13  7.6108051E-07
  -2.294305      1.6215054E-08 -3.7107384E-09   1.482367      -3.989677    
  2.5653929E-07  2.8892464E-07 -0.2339372      0.5391399     -2.9927305E-09
 -2.8258000E-09 -1.9460338E-09  4.3376591E-09  7.9978003E-07   2.110560    
  2.3076105E-08 -4.8563379E-08   1.604105      -5.362604     -3.1853449E-07
  2.2108907E-07 -0.2505476      0.7258922      1.7406863E-09 -1.8926585E-09
 -2.0798403E-09  5.8471259E-09  1.0008022E-06  -2.835459     -1.6641401E-08
  3.2658136E-08   1.625171      -4.468669     -7.4566725E-07 -1.5679689E-08
 -0.2534877      0.6040569      1.4485649E-09  3.1081981E-09 -2.1033943E-09
  4.8592437E-09  1.0668622E-05  -1.450468     -1.2646446E-08  2.3031134E-08
   1.640679      -1.409869      3.5062149E-07  2.2688091E-06 -0.2556952    
  0.1905591     -2.5452462E-09 -6.0310867E-10 -2.1211943E-09  1.5310893E-09
  3.4563766E-07  -2.304885     -3.1119871E-09 -1.1687007E-09   1.641547    
 -0.7993923     -1.7020176E-07 -9.3460585E-08 -0.2560425      0.1082646    
 -1.1550260E-09 -7.5453954E-10 -2.1248543E-09  8.7223451E-10  1.2570158E-06
  -2.715295     -1.4266130E-08 -9.6679287E-09   1.643483      -1.325900    
 -1.3596450E-07  5.0368362E-07 -0.2563972      0.1796819     -1.8885813E-09
 -4.7577942E-10 -2.1277062E-09  1.4494167E-09  1.3310587E-06  -2.218934    
  2.1962766E-08 -1.6002559E-09   1.646674     -0.5753410     -6.9804588E-07
  1.3115641E-07 -0.2569106      7.7662893E-02  3.7299563E-10 -6.5824679E-11
 -2.1318138E-09  6.2495370E-10  1.2905530E-06  -3.137150     -8.7827529E-10
  1.6507329E-10   1.639656     -0.1979294      1.0123077E-07 -6.9236421E-09
 -0.2560298      2.6511611E-02  3.7310790E-09 -9.6918029E-11 -2.1247504E-09
  2.1267578E-10  9.1088128E-07   1.425035     -5.5888938E-09  4.6293280E-09
   1.630215      0.3529239      2.9390677E-08  8.4047042E-07 -0.2548118    
 -4.7929097E-02 -6.9200271E-11  4.7307935E-11 -2.1147462E-09 -3.8609557E-10
  8.7329965E-07   1.400836     -8.7102290E-09  4.3845994E-10   1.634696    
  2.8172640E-02  1.3149466E-06 -1.0514714E-07 -0.2554876     -3.8370492E-03
  1.1207121E-09  2.6139091E-11 -2.1202724E-09 -3.0599658E-11  3.3855687E-07
   2.317943     -1.2600904E-08 -5.7561920E-09   1.641366     -0.6130937    
  2.4378213E-07 -4.5594925E-07 -0.2564559      8.3226569E-02 -2.8340877E-10
  9.5337782E-10 -2.1281052E-09  6.7201844E-10  5.7114505E-07   1.453928    
 -1.5755816E-08  3.3169272E-09   1.647693     -0.7499293     -3.7751053E-07
  4.0571422E-09 -0.2573727      0.1018200     -2.0444701E-09  7.5795015E-10
 -2.1355364E-09  8.2227031E-10  2.0081502E-07  -1.438654     -5.2303841E-09
 -3.7704240E-10   1.643700     -4.5630049E-02  3.2580104E-07  5.5276359E-08
 -0.2568821      6.1927903E-03  9.7321085E-10 -3.6035175E-11 -2.1315378E-09
  5.0116404E-11  2.7386344E-07  -1.438707      1.1184011E-08 -9.1731067E-11
   1.635974      4.5054011E-02  3.2753533E-07  5.3087973E-08 -0.2559363    
 -6.1310241E-03  5.1687283E-11  6.4327210E-11 -2.1242028E-09 -4.9782404E-11
  4.8509253E-07  -1.682445     -1.5498363E-08 -2.2612312E-09   1.643073    
  0.5460972     -1.2635821E-06  1.7676939E-08 -0.2569477     -7.4313834E-02
 -3.3885557E-09  1.0655015E-09 -2.1323616E-09 -6.0084765E-10  9.7525731E-07
   1.683431     -4.0002346E-10 -7.5565367E-09   1.633513      0.8765805    
 -1.5964426E-07  4.7662070E-09 -0.2556890     -0.1192865     -1.4423664E-09
 -2.2708946E-10 -2.1221425E-09 -9.6451980E-10  4.3448097E-07   1.681055    
  1.4087980E-09  1.4687203E-09   1.638058      0.2940336     -3.7143812E-07
 -1.7656475E-07 -0.2563478     -4.0012568E-02 -6.0828470E-10 -1.1789325E-10
 -2.1274793E-09 -3.2368327E-10  2.9050165E-07  -2.019728      2.8757121E-09
  1.8926585E-09   1.641129      0.3353850      1.2924013E-06 -1.8381343E-08
 -0.2568036     -4.5639742E-02 -2.9965024E-09 -1.6217427E-10 -2.1311368E-09
 -3.6896444E-10  1.1589409E-06   1.545337     -6.6241821E-09 -2.6520297E-10
   1.651196     -5.1967625E-02 -8.0738937E-07  3.2714979E-08 -0.2582096    
  7.0718327E-03 -1.0600720E-09  9.4306785E-11 -2.1425004E-09  5.7125606E-11
  1.0443146E-07  -1.429172     -2.5747586E-09 -1.5798207E-10   1.649143    
 -3.2477610E-02  5.9889783E-07 -8.4345686E-10 -0.2579638      4.4196066E-03
 -4.3701173E-10 -1.1485923E-11 -2.1404514E-09  3.5775674E-11  2.8835231E-07
   1.650438     -1.5503732E-08 -1.2164492E-10   1.648074      9.1803372E-02
 -3.5338431E-07 -1.4472903E-09 -0.2578503     -1.2492739E-02  3.9071166E-10
 -2.6069813E-11 -2.1395301E-09 -1.0098600E-10  4.3097043E-07  -1.588106    
 -5.9810521E-09  4.8856919E-10   1.645488      8.9885049E-02 -1.7316648E-06
 -4.0481893E-08 -0.2575285     -1.2231679E-02 -6.6022265E-10  4.9574567E-11
 -2.1368765E-09 -9.8869801E-11  1.4620117E-08   1.558385      5.2854605E-09
  1.6800641E-09   1.644475      0.1594949      1.2016180E-06 -2.2748395E-08
 -0.2574200     -2.1704340E-02 -6.7190059E-10 -1.5459989E-10 -2.1360094E-09
 -1.7549837E-10  1.4924714E-08  -1.365860     -7.6850917E-09 -2.5031568E-09
   1.644979      0.1948203     -1.6764180E-07  1.2938926E-08 -0.2575160    
 -2.6511498E-02  4.4462087E-10 -1.5417356E-10 -2.1367554E-09 -2.1433105E-10
  1.3807477E-07  -1.400355     -1.5139880E-08  2.7330316E-10   1.646175    
  0.1453323     -5.4447861E-07  6.7224164E-09 -0.2577047     -1.9777020E-02
  6.3587047E-10 -1.8971491E-11 -2.1382707E-09 -1.5990591E-10  1.8150084E-08
   1.848346     -1.2884590E-08  2.9979219E-10   1.650822      0.2784521    
  5.7449508E-08 -1.2229088E-07 -0.2583618     -3.7892245E-02  4.0650355E-10
 -2.9551472E-10 -2.1436233E-09 -3.0647429E-10  2.5313801E-08 -0.9196243    
  1.8097895E-09 -2.4546125E-09   1.654204      0.1682581      8.9627676E-08
 -1.4259399E-08 -0.2588456     -2.2896837E-02  1.9666822E-10  1.0945200E-10
 -2.1475017E-09 -1.8521394E-10  6.0118812E-09   2.733383     -7.3724971E-10
  1.0034285E-10   1.658249     -8.9696702E-03 -1.6262989E-07 -9.9363362E-10
 -0.2594188      1.2206058E-03 -3.2284579E-09  7.1631590E-13 -2.1521560E-09
  9.8725429E-12  2.5286075E-08  -1.525299      1.7940665E-09  6.0964567E-11
   1.657970      6.9989264E-03  2.6407460E-07 -1.0940298E-09 -0.2594022    
 -9.5242489E-04 -5.0310933E-10  5.6554761E-12 -2.1519622E-09 -7.7031923E-12
  7.9721005E-08  -1.549542     -7.8840889E-09  4.9467985E-11   1.657886    
  1.6708817E-02  4.0806697E-07  1.2160939E-09 -0.2594114     -2.2737649E-03
  2.0964510E-09  5.1612048E-12 -2.1520172E-09 -1.8389571E-11  2.9766545E-08
  -1.621221      2.5013941E-08 -1.4650681E-10   1.658390      1.7330347E-02
  3.3856023E-07  5.4455853E-09 -0.2594995     -2.3583411E-03  7.6507617E-10
  6.4073191E-12 -2.1527193E-09 -1.9062217E-11  7.3946019E-08  -1.549531    
  1.2607131E-08 -5.0548010E-11   1.659614      1.4917328E-02 -3.8338442E-07
 -7.7159683E-09 -0.2596845     -2.0299735E-03 -1.4726046E-09  3.6263437E-11
 -2.1542050E-09 -1.6418009E-11  1.8596045E-09 -0.6127222     -3.0049904E-08
 -7.5530693E-12   1.661962      5.2303751E-03 -4.7243910E-07  4.9578119E-11
 -0.2600221     -7.1175792E-04 -2.1513160E-09 -6.1204375E-12 -2.1569426E-09
 -5.7578768E-12  1.7861760E-08   1.606824      2.3357147E-09  0.0000000E+00
   1.650841      0.0000000E+00 -3.1448732E-07  0.0000000E+00 -0.2585256    
  0.0000000E+00  8.5503848E-10  0.0000000E+00 -2.1448416E-09  0.0000000E+00
  2.7447916E-08   1.507927      2.1360143E-09  0.0000000E+00   1.651966    
  0.0000000E+00  6.6723524E-09  0.0000000E+00 -0.2586951      0.0000000E+00
 -8.7222213E-10  0.0000000E+00 -2.1462012E-09  0.0000000E+00  8.2997165E-09
  -1.522728      7.7078592E-09  0.0000000E+00   1.653043      0.0000000E+00
  2.0202970E-07  0.0000000E+00 -0.2588574      0.0000000E+00  1.1012606E-09
  0.0000000E+00 -2.1475208E-09  0.0000000E+00  2.4286051E-09 -0.9678171    
  2.6935918E-08  0.0000000E+00   1.654077      0.0000000E+00 -1.8623741E-06
  0.0000000E+00 -0.2590128      0.0000000E+00  2.0378021E-09  0.0000000E+00
 -2.1487423E-09  0.0000000E+00  5.2933671E-09  -1.363422      8.7795859E-09
  0.0000000E+00   1.655067      0.0000000E+00  2.8730801E-07  0.0000000E+00
 -0.2591622      0.0000000E+00  4.6047766E-09  0.0000000E+00 -2.1499469E-09
  0.0000000E+00  1.1253898E-09   1.234111      4.0749995E-10  0.0000000E+00
   1.656017      0.0000000E+00 -3.8086426E-07  0.0000000E+00 -0.2593056    
  0.0000000E+00  7.7424989E-10  0.0000000E+00 -2.1511020E-09  0.0000000E+00
   3.581289       1.576019      1.6705598E-06  2.4832538E-09  8.6034555E-07
 -1.0010439E-14   39.79662      6.2344521E-02  8.7062894E-08  1.5188453E-15
 -1.2376888E-06 -2.1342883E-09 -1.4811556E-15  5.7256408E-24   166.4941    
   1.748759      5.1781774E-07 -4.9798473E-08  1.0100131E-07  9.5564019E-09
   41.45421       14.78608      4.1304457E-07  1.4495569E-09 -1.9106494E-06
 -5.7762736E-07  1.0249014E-15  1.7269414E-18   507.0037       1.982038    
  9.5374264E-07  8.3283521E-07  1.4750129E-06 -3.6205165E-08   35.30800    
   55.40856      1.4424158E-07  7.5533535E-09 -2.8652670E-07 -3.0183583E-07
  4.6489547E-15 -1.4724821E-16   832.4740       2.138166      4.6637194E-07
 -1.5618280E-06 -1.8048776E-06  1.5812111E-06   27.25007       86.97763    
 -5.4302660E-07 -2.0104926E-07  8.2168647E-08  4.1979365E-07  1.0456607E-15
 -2.8974625E-15   987.2863       2.202754      4.3576935E-07  1.8142164E-06
  1.4133064E-06  4.7939247E-06   21.84317       97.02179     -4.2470080E-07
  6.1590254E-07 -1.3446748E-07 -1.2100209E-06 -5.7145031E-15 -8.2245408E-15
   885.0986       2.181620     -4.1125668E-07 -5.9530139E-06  3.5516535E-07
 -2.1353480E-06   19.03234       92.83562     -9.0134904E-08  1.0625517E-06
  5.5202236E-08  4.8708171E-07 -4.1140738E-15 -2.2753500E-14   539.0383    
   2.014563     -1.7705464E-07 -7.1097165E-06 -2.1614123E-06 -1.6065373E-05
   17.83792       81.66206      2.2137391E-07  1.7832936E-06 -4.9112646E-08
 -2.5983900E-07 -8.2401917E-16 -1.6789521E-14   169.1228       1.021325    
  7.3206110E-08  1.5031546E-06  8.8387662E-07 -2.8009526E-06   17.03410    
   59.00946      6.7592168E-08 -5.7556463E-07  2.3432081E-08 -5.3551048E-09
 -5.2588729E-16  2.7736927E-14   226.5989     -0.4584824     -1.1124715E-06
 -3.5127625E-05  2.3396886E-07  2.1558430E-05   17.79992       61.89498    
  2.9855414E-07 -3.7236750E-06 -4.8915950E-07 -7.8245066E-06  1.5695657E-15
 -7.3196657E-15   181.6084     -0.9547276      4.8388639E-08  2.2202730E-06
 -2.8526765E-07 -1.0384305E-05   18.38109       81.10200     -1.7321172E-07
 -1.9280997E-06 -4.5514068E-09  9.2340633E-07  7.3605014E-16 -1.0080912E-14
   112.5356       3.013188     -4.6398884E-07 -4.8261136E-06  2.9274040E-07
 -1.5649712E-06   18.42917       45.27675      4.9884743E-08 -5.5172859E-07
 -8.5755858E-08  5.9255399E-07  3.7038277E-15  3.1471136E-15   93.16187    
   2.147682     -2.7338996E-07  3.4458935E-08 -7.8690579E-07  1.2417819E-05
   18.71658       42.76076     -6.1336954E-07  2.2991771E-06 -1.0837257E-07
 -1.9976869E-07  1.9599801E-17  3.1812660E-15   83.09519     -0.2755463    
 -3.6683994E-07 -5.3746626E-06  2.9742559E-08 -8.4470958E-07   18.96798    
   33.34218     -6.9718993E-08  3.2536991E-07 -2.5274405E-09  1.1210795E-07
 -6.8047641E-16  1.5720281E-14   40.65553      -1.701578     -2.1838174E-07
  1.8626451E-08  7.0141471E-07 -4.4340268E-06   19.23366       29.81088    
  4.0305318E-07 -2.3347457E-07  4.4877531E-08 -5.4482371E-08  3.9822214E-16
 -3.3107198E-15   63.86600       2.382323      1.9460444E-07  9.7695738E-07
 -1.2905288E-06  2.5772897E-07   19.51975       24.34314      5.9676591E-07
  1.3196950E-06 -3.8967406E-07 -1.8504215E-07  8.0817657E-17 -9.5843472E-15
   45.44699     -0.1755399     -2.3421646E-07 -4.5243651E-06 -2.5216835E-07
 -4.2187457E-06   19.61399       22.42978      1.9078973E-08 -8.7251283E-07
 -1.9047287E-07 -1.0931399E-07  2.5603760E-16  1.8783586E-14   23.83469    
  -2.390383     -5.5824637E-07 -1.5175901E-06  4.1705408E-07 -3.4508266E-06
   19.69595       20.16430      8.0571090E-07  6.9694397E-07 -7.3110165E-08
 -4.1146995E-07  1.3752615E-15  6.0854100E-15   24.08571       1.830188    
 -5.8282649E-07 -2.3953617E-06  6.5767949E-07 -3.5929552E-06   19.82258    
   18.18514      1.9086400E-07 -6.7650035E-08 -1.7200676E-07 -3.5995618E-07
  3.4375212E-15  1.9377945E-15   26.92280     -0.8583436     -4.4747941E-07
 -1.8072315E-06 -5.0411728E-07 -6.9008383E-06   19.94724       16.07745    
 -2.7321187E-07 -5.6064255E-07 -1.9350461E-08  2.4738256E-09  4.1164251E-15
 -1.4914014E-15   24.75769       2.374381     -1.1050702E-07 -1.5310943E-06
  4.6564267E-07 -9.5616997E-07   19.27898       12.24469      5.3182937E-08
  1.5510977E-07 -3.4103567E-07 -2.9808143E-07 -3.2498073E-16 -2.0505516E-15
   22.10459     -0.5224955     -6.2015732E-07 -1.1490192E-06 -5.1774884E-07
 -7.9636811E-07   19.24354       12.79615     -8.4993809E-07  2.4399014E-07
 -1.2268046E-07  3.9843144E-08  2.8815415E-15  8.1291310E-15   17.31638    
   2.645177     -4.4907168E-07  6.7777000E-07 -3.1299678E-06 -3.6578931E-06
   19.31151       10.82022     -1.1859369E-07  1.6872309E-07 -2.9647450E-07
  1.1699740E-08 -8.7286057E-16  9.5455328E-15   4.115251     -0.6252010    
 -4.8909135E-07 -8.8196248E-07  2.6756538E-06  3.2983007E-06   19.25744    
   2.807226      6.3388455E-07  3.8388953E-07 -2.2581072E-07 -5.1702955E-08
  1.9108413E-15 -4.0604998E-15   15.95883       2.133164     -4.2872119E-07
 -1.2079254E-06  1.9407814E-06 -1.5327896E-07   19.67149       8.033721    
  3.4264498E-09  1.5594742E-07 -1.7547218E-07 -1.1088559E-07 -8.6984243E-16
 -8.3808828E-16   8.929344      -1.150466     -2.7132521E-07 -1.4694524E-06
  5.0245512E-07  1.5330988E-07   19.69456       7.339089     -6.6754956E-07
 -7.5443040E-08 -1.8749081E-07 -3.7474820E-07 -3.9493599E-16  6.7556637E-16
   3.991239       1.249164     -4.4198950E-07 -3.2726675E-06  8.4451250E-07
 -8.4060957E-08   19.76509       6.402917      1.6100921E-07 -1.0406347E-07
 -6.0946000E-08 -4.5043271E-07 -4.7144461E-17  3.7307939E-15   2.979100    
   2.647559     -7.1046753E-07 -5.0547533E-07 -1.4784086E-06  1.1378106E-06
   19.83242       3.062956      1.6545559E-07  4.1351086E-08 -2.1515578E-07
  7.8114681E-08 -1.0164837E-15  3.6110709E-15   6.694750      -2.656779    
 -5.9275845E-07 -8.2794577E-07 -1.8282549E-07 -7.7310779E-07   19.87055    
  -5.764727     -9.8341438E-08 -2.3581754E-07 -4.1059522E-07 -1.0593067E-07
 -5.2022058E-16  4.8572257E-16   6.367042       1.863350     -1.0649560E-06
 -2.3567118E-06 -2.8430034E-07 -9.0600224E-08   20.12897       4.889102    
 -9.2973977E-08 -6.2791514E-09 -2.4279439E-07 -3.0213414E-07 -5.1189414E-17
 -1.1905895E-15   3.524551       1.502935     -7.7514716E-07  1.6866252E-06
  1.2037459E-06 -2.3272150E-08   20.10790     -0.3709429      2.2921766E-07
 -2.3339771E-07 -2.6928225E-07  1.3831595E-07  2.1300193E-16  5.3172663E-15
   18.84941      -1.816969     -1.1212769E-06  6.0090679E-07  5.7158388E-07
 -2.0842890E-07   20.50423      -6.855748     -1.4583266E-07 -1.2549663E-08
 -2.5555090E-07  1.2649252E-07 -1.3500141E-15  4.9965457E-16   2.461446    
  -1.627830     -3.7653103E-07  3.7935097E-06  1.1010624E-06  1.5172918E-06
   20.26876     -0.4903263      1.8310937E-08 -7.1897375E-07 -3.2054496E-07
  3.8300641E-07  1.0198050E-15  8.9987425E-16   15.41899       1.344971    
 -7.7939546E-07 -5.0105155E-07 -1.7728804E-06  1.3296631E-07   20.55149    
  -5.765481     -3.9766554E-08 -2.8398972E-10 -1.3226767E-07 -9.3008566E-08
 -5.6269452E-16  2.3496338E-15   4.460211       1.420110     -7.4954232E-07
 -1.0971453E-06 -8.1786555E-07  2.4140263E-09   20.38514      -1.915070    
  6.3416155E-07  8.4479268E-10 -3.6218162E-07  4.7039066E-09  1.4372304E-16
 -2.5775551E-16   5.346746      -1.475631     -7.2478105E-07 -1.7338898E-06
 -1.2482661E-06  7.6369543E-07   20.51592       1.812389     -1.2956072E-07
 -6.0585080E-08  1.2221193E-08 -1.7076673E-07 -1.4898272E-16 -4.3910188E-16
   1.826339      -1.884768     -1.1591301E-06 -7.5943535E-07  1.1340858E-06
 -8.9075911E-09   20.45128      -3.908604     -1.0224333E-07  7.5026492E-09
 -9.7114956E-08 -1.4399120E-08 -3.2805355E-15 -2.7998437E-15   9.855423    
  0.9831963     -1.0009393E-06  4.1094609E-07  1.7900403E-06 -1.5480400E-06
   20.40502      -7.088496      6.2595541E-07  1.0516760E-07 -1.3417156E-07
 -3.3411197E-08 -1.8960866E-15  2.6507659E-15   7.944528       1.732902    
 -9.7661734E-07 -5.7639554E-06 -3.5238733E-07 -1.3380195E-06   20.75936    
   5.207565     -6.5850418E-07  1.8493847E-07 -3.3019080E-07 -8.9441892E-07
 -1.6029671E-15  1.5216777E-15   15.18286      -1.563763     -1.4761903E-06
  7.1546528E-06  5.4799301E-07  1.1383672E-06   21.48054      0.5042537    
  3.9796848E-07 -3.1394484E-07 -2.5117578E-07  1.2183737E-06 -2.6222787E-15
  1.2021634E-15   46.15749       1.433317     -9.1823159E-07  6.6561624E-06
  5.7852407E-07  6.3551852E-07   21.28797      -8.842468     -9.9705616E-08
 -1.4348416E-07 -2.2624722E-07  1.1630764E-06  1.0665583E-15 -2.4676441E-16
   2.477465       1.511153     -4.4736012E-07  4.2549800E-08  7.3281484E-07
  8.8291927E-08   20.96005      -2.485672      3.8111924E-07 -5.0713879E-08
 -9.9364719E-08  1.0478107E-07  7.0936759E-16  1.0069961E-14   1.097525    
   1.381310     -8.7042912E-07 -2.6705675E-07  7.6209261E-07 -1.2633973E-07
   20.81539      -6.277737      1.0039511E-07 -8.2901806E-08 -3.2587704E-07
  4.4237822E-09 -3.0831957E-16 -3.0616785E-15   22.90958       1.274749    
 -6.4234735E-07  7.5006392E-07 -6.1914015E-08  7.1158865E-09   20.92734    
  -11.67656     -2.5613886E-07 -3.3419383E-08 -2.4538878E-07 -1.0115764E-07
  5.6252988E-16 -1.8019440E-15   4.449010       1.566444     -6.1301068E-07
 -2.9428629E-06 -3.4409936E-07  1.9901563E-08   20.90472     -0.2219941    
 -7.9935782E-09  2.4509177E-09 -1.9143856E-07 -3.5010089E-07 -3.6630276E-16
 -4.6033869E-16   5.706484      -1.661349     -9.2696644E-07  1.2941746E-06
 -9.2151748E-07  2.8527393E-07   20.96716      -3.602083     -1.1675407E-08
  2.8029376E-08 -2.2054516E-07  1.5304067E-07 -9.0545503E-16  3.8937766E-16
  0.4030727      -1.589835     -1.3188942E-06 -5.4184875E-07 -9.5571045E-07
 -4.3384105E-09   20.92515     -0.6871911      6.6266477E-07  5.2839422E-10
 -6.8903269E-08 -7.9936683E-08 -3.2314669E-15 -1.9373338E-16   4.934834    
   1.625240     -7.2933500E-07 -2.3355824E-07 -6.4090550E-08  3.6655183E-07
   20.96178       2.086206      3.9590941E-07  7.5423941E-08 -2.2260903E-07
 -5.5861165E-08 -5.5066820E-17 -1.2339576E-17   5.512633       1.571484    
 -1.1440645E-06 -1.7287675E-08 -4.2074146E-07  4.7282447E-07   20.99109    
  2.4565594E-02  6.0093441E-07  3.9085990E-08 -6.1508842E-09 -5.8207661E-09
  1.2256513E-15 -4.0714502E-16   3.431167       1.546345     -1.2214344E-06
  3.8147118E-07  4.0740531E-07  2.9612806E-08   20.99622     -0.9869891    
  6.0235544E-07  4.4690012E-09 -1.9785340E-07  6.1663741E-08 -7.1260453E-16
 -1.2210827E-16   3.139638       1.567363     -7.4778370E-07 -5.9446211E-07
 -3.9673483E-07 -1.0616475E-08   20.99527     -0.1366887     -4.0867042E-07
  2.1946533E-09 -1.5842572E-07 -8.1528924E-08  2.1898051E-15 -1.6570844E-16
   7.513649       1.613486     -7.9018650E-07 -8.4520434E-07 -9.8382293E-07
 -6.2734216E-08   21.00744       1.735873      2.2927172E-07  1.2489636E-08
 -6.7119416E-08 -1.0324220E-07 -3.0809959E-15  2.9110151E-16   9.097624    
   1.623436     -7.7697979E-07 -7.6927245E-07 -2.2652712E-06 -6.6393477E-07
   20.99331       2.061821      2.6946546E-07 -3.4116511E-08 -1.2474288E-07
 -6.9820089E-08  9.2460624E-16 -4.8231411E-16   1.805960      -1.540737    
 -1.2115556E-06 -6.6815119E-07 -7.1584839E-07 -3.8148301E-08   21.00568    
   1.200079     -5.1104342E-07  2.0287359E-08 -1.3617151E-07 -5.9622835E-08
  5.6523403E-16 -4.5369795E-16  0.4757979       1.581282     -1.0786426E-06
 -1.1848169E-07 -4.3892720E-07 -2.6124644E-07   21.01792      0.4270813    
  9.3861900E-07  3.9842917E-08 -7.4742672E-08 -1.5064870E-08  6.4714159E-16
  9.7361355E-17   4.753089      -1.574639     -8.2744452E-07  5.7356374E-07
  1.4726885E-06 -5.2673499E-08   21.05265     -0.1681329     -2.3553886E-07
 -5.0281983E-09 -1.6539151E-07  8.0539394E-08  5.1632751E-16 -1.2302307E-17
  0.9068215      -1.569481     -1.2303063E-06 -1.7520142E-07 -6.6041315E-07
  1.7315415E-08   21.05367      5.8004580E-02  1.4198524E-07  1.9900170E-10
 -2.0096066E-07 -2.3232360E-08 -7.4618785E-17 -3.4831689E-17   2.168100    
   1.573083     -1.0481198E-06  5.3289114E-08  2.0694044E-06 -4.0115765E-08
   21.05597      0.1007692      2.1800609E-07 -7.0401143E-09 -1.5887717E-07
  5.4851625E-09  6.0020945E-16 -2.5511785E-17   2.101239       1.576664    
 -1.1725074E-06 -2.1255255E-07 -2.0327408E-07  5.2345968E-09   21.05740    
  0.2578157     -7.6242195E-08  1.7661250E-10 -2.5960026E-07 -2.7319402E-08
  1.1367060E-15 -1.0746476E-16  0.1631013       1.578025     -9.8367195E-07
 -7.5568096E-08  3.3256362E-07  1.6464833E-07   21.06005      0.3178183    
  5.1059722E-08 -3.6511665E-09 -1.0111808E-07 -6.7238943E-09 -3.3889812E-16
  2.9324281E-17  0.7348524      -1.560037     -1.0921653E-06 -4.3788168E-07
 -1.0032876E-07  5.4882548E-08   21.06701      0.4806955     -3.6624220E-07
  6.8596933E-09 -3.1516771E-07 -5.5812052E-08  2.1900731E-15 -3.1208760E-16
   1.310061       1.577471     -1.1839018E-06 -6.2740583E-08  5.1901640E-07
  2.2060249E-08   21.07507      0.3038973      4.6672207E-07  7.1590875E-09
 -2.6609294E-07 -1.0782060E-08 -1.1466873E-15 -3.0679533E-16  3.1359788E-02
   1.583530     -1.0696838E-06 -1.0803342E-07 -8.3396560E-07 -4.9433311E-08
   21.09041      0.6061487     -2.1510101E-07  2.9701027E-08 -2.7453589E-07
 -1.5077603E-08 -1.2621762E-15  9.9177394E-17   1.437313       1.578598    
 -1.0660567E-06  5.9662852E-10  4.8556279E-07  7.7033292E-08   21.10285    
  0.3781939     -3.5767542E-07  6.3630523E-10 -3.2372031E-07  3.2023308E-09
 -1.1585360E-15  1.4462071E-16  6.7388460E-02   1.570563     -9.2363689E-07
  4.6047717E-09  1.9968029E-06 -1.5048442E-09   21.11679     -9.0215793E-03
 -6.4182046E-08 -3.4319569E-10 -3.2959196E-07  8.7038643E-10 -1.6926028E-16
  9.9102855E-19  0.1477358       1.571275     -1.0300939E-06 -2.1290361E-08
 -7.2553075E-07 -2.5699904E-09   21.12045      2.0810647E-02  1.4546924E-07
 -1.3037855E-09 -2.7704840E-07 -2.8522322E-09 -6.5781426E-16  5.8127636E-18
  0.3817100      -1.570062     -1.2342015E-06 -1.1370503E-08 -1.8007765E-07
 -2.7095979E-08   21.12445      3.6523346E-02  2.4518252E-07 -7.6403239E-10
 -3.0086022E-07 -1.0505801E-09 -3.1585088E-16 -3.1313114E-17  0.2466653    
  -1.570058     -1.2801291E-06 -3.3283868E-08 -7.8835438E-07  1.5665478E-08
   21.12936      3.8781412E-02  2.0902669E-07  4.2406967E-10 -2.4741547E-07
 -3.6191068E-09  4.9035246E-15  5.0334086E-17  0.2649714       1.571461    
 -1.4914539E-06 -2.5895133E-08  5.6246949E-07  1.4334290E-08   21.13605    
  3.6091447E-02 -1.6943133E-08 -1.3401724E-09 -2.6873397E-07 -3.2803200E-09
 -2.5630639E-15  1.8419367E-17  6.9717102E-02  -1.570554     -1.3849680E-06
  2.2953373E-09  3.8757949E-07 -7.4834361E-11   21.14501      1.3119174E-02
  5.2004009E-07  5.2201798E-11 -1.9153262E-07  2.1330493E-10  1.9168798E-15
  5.3816238E-18  0.1653720       1.570788     -1.0977542E-06  0.0000000E+00
 -1.6444862E-06  0.0000000E+00   21.12328      0.0000000E+00 -4.2252606E-07
  0.0000000E+00 -2.6337966E-07  0.0000000E+00 -1.7932496E-15  0.0000000E+00
  8.7996498E-02   1.570798     -1.1545362E-06  0.0000000E+00  5.9741046E-07
  0.0000000E+00   21.12935      0.0000000E+00 -1.4210075E-08  0.0000000E+00
 -3.4245144E-07  0.0000000E+00  2.3685104E-15  0.0000000E+00  1.2564970E-02
   1.570819     -1.3048501E-06  0.0000000E+00 -6.0307775E-07  0.0000000E+00
   21.13489      0.0000000E+00 -5.6370646E-07  0.0000000E+00 -2.8599962E-07
  0.0000000E+00 -4.0649497E-15  0.0000000E+00  3.8172711E-02   1.570838    
 -1.1452048E-06  0.0000000E+00  2.6048079E-07  0.0000000E+00   21.14036    
  0.0000000E+00 -8.0217256E-07  0.0000000E+00 -1.3730275E-07  0.0000000E+00
  3.9725773E-15  0.0000000E+00  4.9416225E-02  -1.570805     -1.0413536E-06
  0.0000000E+00  6.2643738E-07  0.0000000E+00   21.14547      0.0000000E+00
  4.6805181E-07  0.0000000E+00 -1.9286550E-07  0.0000000E+00 -3.5129698E-15
  0.0000000E+00  5.7262197E-02  -1.570767     -1.2722296E-06  0.0000000E+00
 -7.1139857E-07  0.0000000E+00   21.15048      0.0000000E+00  3.2777072E-07
  0.0000000E+00 -2.4941960E-07  0.0000000E+00  1.8065413E-15  0.0000000E+00
  3.4072585E-07   1.571229      3.9623651E-09  3.6280115E-17 -0.5145826    
 -2.5875921E-09 -2.5137220E-07 -7.7432105E-10  0.1473327      4.3681336E-10
 -2.4859520E-10  1.6407875E-17  5.9936428E-10  2.2388921E-18  3.9093079E-06
   1.637510     -1.6634136E-09  1.0231815E-11 -0.5319209     -1.5112142E-03
  2.1830115E-07  1.0272197E-07  0.1506883      2.8200229E-04 -9.7853226E-10
  6.6080474E-13  6.1996225E-10  1.8339445E-12  1.0080216E-06  -2.888043    
  3.6032783E-09  3.8426151E-10 -0.5909394     -9.1196291E-02 -3.5880527E-07
 -6.2634354E-07  0.1605277      1.6540358E-02  2.5540478E-10 -5.2295945E-12
  6.9230816E-10  1.1107044E-10  2.6447749E-05   2.357598     -2.3245077E-10
 -2.0081643E-09 -0.6478226     -0.8009948     -9.8418575E-08  1.6259146E-06
  0.1690003      0.1395183     -9.3250602E-11  5.7934813E-10  7.6251239E-10
  9.7993336E-10  6.5067543E-06 -0.5770409     -2.7424720E-09  3.4488039E-09
 -0.5621989      -2.212584     -1.0015985E-07  5.9165177E-07  0.1525410    
  0.3680851      1.3188125E-09 -1.0768417E-09  6.5820027E-10  2.7180762E-09
  1.9434052E-05  0.5245908      2.2591782E-09 -9.0512913E-09 -0.4049689    
  -3.096311      4.1723470E-07 -6.9208909E-08  0.1258828      0.4917403    
  5.1917970E-10  1.6916601E-09  4.6423138E-10  3.8137937E-09  1.7562596E-05
  -1.853049     -3.6909553E-09 -2.2526365E-08 -0.2944974      -3.265181    
  5.6905498E-07 -3.5439734E-07  0.1088744      0.4962503     -4.1705711E-10
  5.3478288E-10  3.2723127E-10  4.0311043E-09  7.3971466E-07  -2.990804    
  5.7790517E-10  4.7002686E-09 -0.2347292      -3.083251     -4.9000613E-07
  1.0982330E-07  0.1003601      0.4488785     -2.9792627E-10  1.7626007E-09
  2.5246547E-10  3.8003898E-09  1.6253019E-06   1.497744     -1.7138729E-09
  3.8999133E-09 -0.2009628      -3.364447      1.2156820E-06 -2.1035812E-06
  0.1011686      0.5732899     -3.0454850E-11 -5.7953002E-09  2.1040056E-10
  4.1216648E-09  3.8698499E-06  -1.046464      2.4609784E-10  1.9419531E-08
 -0.1928225      -2.580516     -5.2954266E-07 -1.6368576E-06  9.6560538E-02
  0.3658011      1.2258106E-10 -2.2191671E-10  2.0035511E-10  3.1401097E-09
  4.2817060E-06  -2.081265      4.5480170E-10  2.5742338E-08 -0.1930670    
  -2.652057      6.5170127E-07  3.5888224E-06  9.7355738E-02  0.3687397    
  2.9448199E-10 -1.5788828E-09  2.0304783E-10  3.2253156E-09  1.7383671E-06
   2.144836     -5.6085508E-11  5.8098522E-09 -0.1909947      -2.087929    
 -6.3652902E-07 -2.0129664E-06  9.7332597E-02  0.2862704     -1.0448807E-10
 -3.1341187E-09  1.9961374E-10  2.5237419E-09  3.9736733E-07  -3.040696    
 -1.5514423E-11  1.1128577E-08 -0.1921698      -1.957575      1.6714958E-07
 -1.2165256E-06  9.7700387E-02  0.2632812     -1.9745629E-10  1.2105374E-09
  2.0205364E-10  2.3355369E-09  1.8810343E-06  -1.821209      2.9325756E-10
  2.3756002E-09 -0.1982332      -1.667241      4.4027735E-07 -2.1840679E-06
  9.8957144E-02  0.2244852      1.3555015E-10  4.9794835E-10  2.1027279E-10
  1.9718520E-09  1.1957939E-06 -3.7027322E-02  4.4701839E-10  1.9506842E-08
 -0.1995517      -1.533556      1.6605341E-07  7.6248398E-07  9.9139683E-02
  0.2051543     -1.5021756E-10 -5.6934368E-10  2.1231268E-10  1.7889131E-09
  6.0072620E-07  0.7015741      6.4162381E-10  8.2945917E-09 -0.2015359    
  -1.427974      4.5847474E-07 -1.1348311E-07  9.9789508E-02  0.1887925    
  7.1631018E-10  1.1696102E-09  2.1496964E-10  1.6828865E-09  4.5154778E-07
  -1.477785      8.1641666E-10  7.6088327E-09 -0.2113373      -1.221689    
  2.5227592E-07 -6.4634514E-07  0.1009167      0.1637315     -1.0276870E-09
 -9.2791197E-10  2.2835835E-10  1.3978969E-09  4.7186163E-07   1.798648    
  1.1708282E-09 -3.6416168E-09 -0.2102514      -1.125969     -7.5285755E-07
 -2.3609391E-07  0.1010100      0.1504867     -3.7494499E-10 -6.1618266E-11
  2.2646586E-10  1.2872390E-09  3.6380544E-07  0.1439335     -1.1338160E-11
  7.3414412E-09 -0.2126780      -1.043951      6.1301657E-09  4.0126542E-07
  0.1014948      0.1389859      7.2091805E-10  1.6593731E-09  2.3029850E-10
  1.1940252E-09  3.9369388E-07  0.1481698      7.7915188E-11  2.5775080E-09
 -0.2144433     -0.9186920     -5.1810196E-07  1.5941441E-07  9.9781446E-02
  0.1222400      1.1257402E-09 -1.0725216E-09  2.3335470E-10  1.0414030E-09
  3.0997316E-07  -2.371299     -1.6172630E-10 -3.9999577E-09 -0.2156921    
 -0.8562773      7.6876847E-07  7.6588185E-07  9.9653885E-02  0.1136683    
 -8.6140534E-10  8.1126927E-10  2.3828867E-10  9.7624642E-10  2.0994116E-07
 -0.1133286     -7.4449513E-10  1.0295480E-09 -0.2166122     -0.7529435    
 -2.2990788E-07 -3.3760807E-07  9.9965684E-02  0.1001657      9.2210345E-10
  9.3041308E-10  2.3932772E-10  8.5092577E-10  6.5223418E-08  -3.054806    
  9.0762925E-10 -3.6925485E-09 -0.2169070     -0.6538829     -1.8449965E-08
 -1.9972504E-07  0.1001479      8.7016948E-02  9.3705751E-11  2.7625902E-11
  2.3647773E-10  7.3325818E-10  1.6321978E-07   2.415994      1.1900689E-09
 -4.4456101E-09 -0.2180481     -0.5704994     -4.0772383E-07 -1.8030369E-07
  0.1004564      7.5766258E-02 -4.6757997E-10 -1.3790213E-10  2.3796895E-10
  6.4003541E-10  6.8194701E-08  0.7417588      1.8895700E-10 -2.6407179E-09
 -0.2189293     -0.4626718     -1.4797180E-07 -3.2012031E-07  0.1007209    
  6.1542250E-02  5.9599592E-10  6.9888983E-10  2.3959154E-10  5.1745908E-10
  4.2219128E-08   1.592491     -4.2293294E-10  4.0927262E-12 -0.2160198    
 -0.1693378     -1.2074599E-07 -1.4894704E-07  0.1004723      2.2461846E-02
  3.3288916E-10  2.3146640E-10  2.3664423E-10  1.8996910E-10  2.0335834E-08
   1.701764     -1.6349782E-09  2.3946995E-09 -0.2342109     -0.4863592    
  1.3102920E-06 -1.8268733E-07  0.1030623      6.4717539E-02 -2.8015074E-10
  1.4449597E-10  2.5659080E-10  5.4294308E-10  6.7327704E-08  -3.092388    
  1.0528277E-09  1.1596057E-11 -0.2266963     -0.2915161     -2.6239550E-07
  6.6867869E-08  0.1021935      3.8457215E-02  3.1597472E-10 -4.0526515E-10
  2.4847369E-10  3.2398745E-10  1.9143926E-07   1.626602     -3.5596057E-10
 -7.5988282E-10 -0.2247573     -2.2398328E-02  4.3602734E-07 -2.5690224E-07
  0.1020974      2.9474550E-03 -1.8407550E-10 -9.3791641E-12  2.4582789E-10
  2.4487766E-11  2.6595565E-08  -3.129513      6.1806266E-10  1.1109478E-09
 -0.2437109     -0.2721816      2.0927013E-08 -1.3613317E-08  0.1047209    
  3.6479946E-02  4.7914572E-10 -5.5194960E-11  2.6717129E-10  3.0903513E-10
  1.6988122E-07   1.153211     -7.9449886E-10  8.5083229E-10 -0.2316068    
 -5.6515224E-02  1.1041576E-06 -2.6137423E-07  0.1032027      7.5266822E-03
  5.1221274E-11 -1.7462298E-10  2.5388069E-10  6.3413649E-11  2.1591305E-08
  -1.596579     -3.3492928E-10  3.9008228E-09 -0.2457757      0.4898214    
 -7.2534226E-07  3.6375241E-09  0.1052145     -6.5641552E-02 -2.5119698E-10
 -4.5815796E-11  2.6893573E-10 -5.4199978E-10  1.0390287E-07   1.931370    
  5.7111316E-10  3.6789061E-10 -0.2355086      1.4049407E-02  3.6807444E-09
  1.8177889E-07  0.1039094     -1.8958980E-03 -1.2916765E-10 -1.4210855E-12
  2.5774669E-10 -1.5806427E-11  9.0072607E-09  -2.756961     -1.1471404E-09
  3.3850256E-11 -0.2469681      3.0619958E-03 -1.0113554E-06  1.1603333E-08
  0.1055169     -3.8297029E-04  3.9860021E-10 -6.8212103E-13  2.7063823E-10
 -2.6266621E-12  2.8049934E-08  -2.195192     -1.4070452E-11  2.0195330E-09
 -0.2386161      0.1830193     -3.1068362E-07  7.7866389E-09  0.1044547    
 -2.4642771E-02 -7.6080942E-10 -2.9575631E-10  2.6157018E-10 -2.0338822E-10
  2.3528383E-08   2.289917      1.1229307E-10 -9.5724317E-11 -0.2383623    
  1.1765865E-03 -2.8586106E-07  7.9808160E-09  0.1044955     -1.5155968E-04
 -9.1396796E-10  4.3627324E-11  2.6132319E-10 -1.2701485E-12  5.9460660E-07
  -1.595832      1.3529953E-09 -1.6207196E-09 -0.2349411      0.5414196    
 -1.4008866E-07 -1.9513936E-07  0.1040814     -7.3163904E-02  1.5476367E-10
 -2.7193892E-10  2.5774771E-10 -5.8864041E-10  1.2243098E-07  -2.115844    
  2.0169417E-09 -2.1445885E-09 -0.2515768      0.7267297     -2.4277213E-07
 -2.7317492E-07  0.1063800     -9.8371245E-02 -1.2935036E-10 -7.7352524E-10
  2.7604605E-10 -7.9239010E-10  5.9059283E-07   1.494407     -8.9972980E-11
 -3.6743586E-10 -0.2545363      0.6059695      5.8599039E-07  5.0038125E-09
  0.1068193     -8.1912480E-02  8.0075953E-11 -5.7661964E-10  2.7936725E-10
 -6.5894140E-10  4.4846774E-07   1.633966      7.4349599E-10  5.7025318E-10
 -0.2567301      0.1915659     -1.4211996E-07 -3.8934559E-07  0.1071560    
 -2.5892330E-02 -3.3843095E-10  5.4228622E-11  2.8189512E-10 -2.0803782E-10
  2.2651511E-07   2.033747      3.6420508E-10  7.4305717E-10 -0.2569098    
  0.1086301      9.8790201E-07 -6.4183496E-08  0.1072341     -1.4712271E-02
 -5.0356053E-10  6.8325789E-11  2.8247293E-10 -1.1852211E-10  2.0118672E-07
  -1.390059     -6.7067990E-10  9.0722097E-10 -0.2572561      0.1797919    
  9.1265854E-08  7.8745870E-08  0.1073150     -2.4365017E-02  5.0884919E-10
  1.4324542E-11  2.8296229E-10 -1.9653588E-10  9.2629614E-07  -1.425081    
  1.4349745E-09  3.7630343E-10 -0.2577689      7.8091666E-02  1.6553840E-07
  6.7365909E-07  0.1074152     -1.0541474E-02  3.9417006E-10 -6.1476157E-11
  2.8361885E-10 -8.4828110E-11  1.3442845E-08  0.3496959     -1.4972048E-09
  2.0907009E-10 -0.2569009      2.7008159E-02 -3.3354095E-07 -4.3739874E-09
  0.1073255     -3.6180185E-03 -1.2832048E-09 -1.9895197E-12  2.8276245E-10
 -2.9026389E-11  5.4819701E-08   2.311316     -8.2884821E-10 -5.0090421E-10
 -0.2557047     -4.7620185E-02  5.3158249E-08  3.1939999E-07  0.1071889    
  6.4671114E-03 -1.0107905E-11 -2.4670044E-11  2.8150390E-10  5.2096744E-11
  8.4513751E-08  -1.477531     -2.3417865E-10  4.6773252E-11 -0.2563776    
 -3.7634857E-03  1.2645647E-07 -4.7117965E-08  0.1073055      5.1259890E-04
 -3.1249164E-10  4.9826809E-13  2.8233382E-10  4.0869205E-12  8.7933763E-08
   1.605494     -1.5323413E-10 -1.5688784E-11 -0.2573430      8.3017468E-02
 -4.0052726E-07  4.8609309E-08  0.1074600     -1.1269530E-02 -7.7212153E-10
  6.3124617E-11  2.8347152E-10 -9.0997404E-11  2.8168563E-08   1.318480    
 -8.6496810E-10  5.9390004E-10 -0.2582575      0.1015980     -7.4280086E-07
  1.7623591E-10  0.1076060     -1.3794259E-02 -7.4264939E-10 -6.9377393E-11
  2.8455011E-10 -1.1139868E-10  2.8049848E-07  -1.598088     -6.4595529E-10
 -5.1159077E-13 -0.2577729      6.2339921E-03 -8.3278894E-07 -3.3635388E-09
  0.1075603     -8.4606640E-04 -8.6840352E-10  1.5560886E-12  2.8407249E-10
 -6.8463720E-12  1.4929601E-07  -1.577731      8.2559959E-10  4.6725290E-11
 -0.2567670     -6.0582901E-03 -3.4203012E-07  7.4618356E-10  0.1074503    
  8.2442176E-04 -2.9126485E-10  2.6334490E-12  2.8313291E-10  6.6934821E-12
  1.1505990E-07   1.496425      1.8729471E-09  2.6784619E-10 -0.2577775    
 -7.4027762E-02 -7.1833546E-07  1.5653768E-08  0.1076056      1.0073812E-02
  1.8483031E-11 -3.8028247E-11  2.8429972E-10  8.1449993E-11  1.1242768E-07
   1.376100     -2.2511388E-09  6.2391337E-10 -0.2565287     -0.1187678    
  5.1196560E-07  3.0772753E-09  0.1074524      1.6162127E-02 -8.0675872E-10
 -1.0300027E-10  2.8297373E-10  1.3068344E-10  9.8111855E-08   1.763675    
  8.7029478E-10  2.9115199E-10 -0.2571883     -3.9888706E-02 -9.6493444E-08
  2.6680709E-08  0.1075580      5.4281289E-03 -1.3166335E-12  8.9102059E-12
  2.8374994E-10  4.3911260E-11  1.1896160E-07   1.501528     -4.9091220E-10
  1.4972557E-10 -0.2576460     -4.5456704E-02 -9.3422142E-07 -1.1877660E-08
  0.1076351      6.1858129E-03 -1.4856553E-10  9.4118491E-11  2.8429908E-10
  5.0008046E-11  1.1532177E-08   2.086773     -1.6192726E-09  4.9965365E-11
 -0.2590494      7.0420494E-03 -3.7382500E-07  5.1688573E-09  0.1078402    
 -9.5829362E-04 -2.4599756E-10 -5.3823612E-12  2.8588462E-10 -7.7410361E-12
  1.0481950E-07  -1.597656     -1.5587998E-09  2.4641622E-11 -0.2588080    
  4.4061113E-03  7.6492739E-07  1.2897772E-09  0.1078207     -5.9959001E-04
  5.1046955E-11  3.1796787E-12  2.8565392E-10 -4.8536934E-12  1.1514630E-07
  -1.564272      1.2228846E-12 -1.4532020E-10 -0.2586981     -1.2446210E-02
 -2.9494998E-07 -1.4876207E-09  0.1078184      1.6937010E-03 -2.4457693E-11
  1.0413004E-11  2.8556987E-10  1.3691306E-11  6.5897993E-08  -1.569037    
  1.5499312E-10  2.0810376E-10 -0.2583804     -1.2186909E-02  1.4725451E-06
 -1.1040356E-08  0.1077871      1.6584115E-03 -1.5499312E-10  7.1977979E-12
  2.8524832E-10  1.3405249E-11  8.2467615E-09  -1.689188     -2.1479563E-09
  3.4901859E-11 -0.2582746     -2.1620965E-02  1.2016275E-08 -1.0515237E-08
  0.1077841      2.9422161E-03 -3.2473227E-10 -8.7823082E-12  2.8517000E-10
  2.3790327E-11  4.2692747E-09   1.759544      8.3816259E-10 -1.7428192E-10
 -0.2583726     -2.6414704E-02  6.9359925E-07  8.7392209E-09  0.1078083    
  3.5945578E-03  5.3168764E-10 -9.5923269E-13  2.8530686E-10  2.9060204E-11
  1.3212484E-08   1.599006      7.0779119E-11 -3.8653525E-12 -0.2585629    
 -1.9702803E-02  1.0900989E-06  9.7421093E-09  0.1078444      2.6811808E-03
  3.6873637E-10  1.1922907E-11  2.8554722E-10  2.1678607E-11  2.2176219E-10
 -0.9529306      3.0319325E-10 -1.1368684E-13 -0.2592202     -3.7760794E-02
 -9.0326438E-07 -2.6812359E-08  0.1079436      5.1385351E-03 -3.7393835E-10
 -4.2874149E-11  2.8630862E-10  4.1561005E-11  2.4564919E-08   1.609200    
 -2.1058968E-09  1.1550583E-10 -0.2597041     -2.2814533E-02  4.1454126E-07
 -2.9490366E-10  0.1080187      3.1046418E-03 -5.0161447E-10 -4.6021853E-11
  2.8686614E-10  2.5113720E-11  5.4145732E-09  -1.897132     -1.2668081E-09
 -7.4464879E-12 -0.2602772      1.2160316E-03  1.0255383E-07 -2.0293101E-11
  0.1081055     -1.6547892E-04  1.7180746E-10 -1.4894752E-12  2.8752623E-10
 -1.3384428E-12  4.9636020E-09  -1.554488     -2.4085020E-10 -5.6648020E-12
 -0.2602624     -9.4934943E-04  7.9352543E-07 -1.4390587E-09  0.1081120    
  1.2918892E-04  6.1336519E-10 -1.7741364E-13  2.8752783E-10  1.0448811E-12
  2.8006419E-09   1.616926      4.4901363E-10  3.1249670E-11 -0.2602739    
 -2.2657560E-03 -2.8355737E-07  2.5984761E-09  0.1081216      3.0832758E-04
  5.1120097E-10 -1.5969448E-12  2.8756270E-10  2.4936682E-12  1.1772759E-08
  -1.561970     -3.0831426E-10  5.8122396E-12 -0.2603627     -2.3502342E-03
  3.2071330E-07  9.1739594E-10  0.1081414      3.1982359E-04 -3.1350475E-10
 -1.8740565E-12  2.8768213E-10  2.5851179E-12  3.3223109E-09  -1.390374    
  2.1393671E-09  4.7322146E-12 -0.2605493     -2.0229323E-03 -2.8481810E-07
 -4.2204107E-10  0.1081742      2.7528379E-04  2.1986804E-10  1.8305357E-12
  2.8790886E-10  2.2264692E-12  6.2244093E-10   1.934834      3.2748371E-10
 -3.4638958E-12 -0.2608870     -7.0938421E-04  1.4983236E-07 -3.0292213E-10
  0.1082272      9.6534059E-05 -6.4186806E-10 -6.3393735E-13  2.8830716E-10
  7.8093098E-13  1.8556614E-09   1.504534      5.1044108E-10  0.0000000E+00
 -0.2593968      0.0000000E+00  9.5878715E-07  0.0000000E+00  0.1080310    
  0.0000000E+00  6.0974870E-10  0.0000000E+00  2.8668759E-10  0.0000000E+00
  4.6873776E-09  -1.574159      1.2216983E-09  0.0000000E+00 -0.2595673    
  0.0000000E+00  3.7382404E-07  0.0000000E+00  0.1080606      0.0000000E+00
 -4.7282073E-10  0.0000000E+00  2.8689220E-10  0.0000000E+00  2.6641798E-09
   1.562806     -2.0876660E-09  0.0000000E+00 -0.2597302      0.0000000E+00
  3.6320563E-07  0.0000000E+00  0.1080890      0.0000000E+00 -2.5287494E-10
  0.0000000E+00  2.8709235E-10  0.0000000E+00  3.6911024E-10  -3.070384    
 -2.9600955E-10  0.0000000E+00 -0.2598865      0.0000000E+00 -6.2789815E-07
  0.0000000E+00  0.1081163      0.0000000E+00 -2.5317859E-10  0.0000000E+00
  2.8727817E-10  0.0000000E+00  1.1151681E-09  -1.623986      2.7976013E-10
  0.0000000E+00 -0.2600364      0.0000000E+00  3.2405609E-07  0.0000000E+00
  0.1081423      0.0000000E+00 -2.4502481E-10  0.0000000E+00  2.8746036E-10
  0.0000000E+00  1.1342788E-09  -1.543944      3.9638631E-10  0.0000000E+00
 -0.2601802      0.0000000E+00 -5.3146886E-07  0.0000000E+00  0.1081675    
  0.0000000E+00  7.0942036E-10  0.0000000E+00  2.8763547E-10  0.0000000E+00
  4.6137840E-02  -3.141592      0.5145831      2.7521336E-09 -3.5530925E-09
  1.0936889E-17 -5.9022568E-07  4.9203663E-10 -3.6076622E-10  6.1833405E-19
  0.1473327      4.3796197E-10  6.5378519E-16 -1.5784286E-24   1.766961    
  -3.140099      0.5319220      1.5112037E-03  2.7778280E-09  3.2756020E-12
 -7.1392549E-07  9.3597919E-08  4.4412415E-10 -8.8995478E-13  0.1506883    
  2.8200331E-04  5.3720349E-16  6.9615520E-21   3.681041      -3.089123    
  0.5909395      9.1196261E-02  4.9897614E-10  1.3187673E-10 -4.8873630E-07
 -1.3224781E-07 -2.1300167E-10 -8.8334673E-11  0.1605279      1.6540373E-02
  4.4156720E-16 -6.1647058E-18   1.818129     -0.2700082      0.6478227    
  0.8009946      3.6246104E-09 -7.2395778E-10 -7.9573844E-08 -4.5076013E-07
 -2.1488182E-10  1.0113581E-09  0.1690003      0.1395182      7.6142889E-17
  1.4443606E-16   23.12097      0.3049946      0.5621994       2.212580    
 -1.0649179E-09 -9.1531547E-09 -1.6236093E-07  9.2852861E-07  7.6065571E-11
  1.5843398E-09  0.1525410      0.3680845     -3.2228706E-16  1.1679568E-16
   52.07143      0.5067846      0.4049687       3.096311      9.2224889E-10
 -1.0782969E-08 -9.3206857E-08  9.2200935E-08 -3.3091485E-10  8.5856300E-10
  0.1258829      0.4917408     -2.0636114E-16  9.5409791E-16   67.52204    
  0.5829428      0.2944976       3.265187     -9.7174302E-10  2.7255737E-08
 -9.8047344E-08 -2.1234155E-07  1.9740704E-10 -2.5083864E-09  0.1088746    
  0.4962510      6.0452861E-17 -8.6127936E-15   53.41044      0.5236694    
  0.2347293       3.083252     -1.7827716E-10  6.7375368E-09  6.2546809E-07
 -1.2402423E-05  3.1826661E-10  3.0013325E-09  0.1003601      0.4488783    
 -4.0792104E-16  1.4438320E-15   20.12401      8.1992865E-02  0.2009629    
   3.364455     -8.0862879E-11  1.0273652E-08 -2.6454131E-07 -9.5413998E-07
  1.2244949E-09 -5.4042175E-09  0.1011688      0.5732903     -4.4598826E-17
 -3.8388888E-15   19.70893      -1.982741      0.1928224       2.580516    
  6.2694128E-10  1.2398232E-08  1.4013541E-07 -4.4247136E-06 -1.4784586E-10
  3.6297934E-09  9.6560538E-02  0.3658017      1.8861390E-16 -6.8195232E-15
   13.54236      -2.580827      0.1930671       2.652054     -2.6157425E-11
 -1.2747478E-08 -2.2659418E-07  3.5017729E-07 -6.1427763E-10  1.2596502E-09
  9.7355679E-02  0.3687398     -3.9657823E-16  6.9283229E-16   12.01103    
   1.270079      0.1909948       2.087925     -3.9951320E-10  7.5560820E-09
 -1.0719246E-07  3.4063123E-07 -3.4880576E-10  2.6748239E-09  9.7332738E-02
  0.2862699     -2.0607267E-16  1.2829906E-15   6.151649      0.3740641    
  0.1921700       1.957575      2.0732911E-09  4.2855390E-09  9.6764865E-08
 -1.2782402E-07 -4.4498186E-10  1.4106263E-09  9.7700581E-02  0.2632812    
  2.6039603E-17  6.1043564E-15   9.772681      -2.098878      0.1982329    
   1.667243      1.1078619E-10 -1.0688382E-08  9.6761958E-08  9.5460564E-08
  5.7999827E-11  1.3596946E-09  9.8957218E-02  0.2244853      2.3493436E-16
 -5.8700874E-15   4.243180       1.709464      0.1995521       1.533556    
 -1.2501978E-09  9.8516466E-09 -4.3200635E-07 -1.1187512E-07 -4.8699567E-10
 -2.9035618E-09  9.9139839E-02  0.2051544     -4.2428367E-16  6.7877019E-15
   4.073697      0.5003604      0.2015360       1.427974      1.2730632E-09
  1.2507371E-08 -2.2451177E-07 -2.3865141E-07 -4.2774922E-10 -3.6516212E-10
  9.9789575E-02  0.1887927      1.0045226E-15 -2.8346466E-15   5.967873    
  -2.259301      0.2113370       1.221694     -9.6398745E-10  3.2505341E-09
  1.4132820E-07 -1.0454096E-07  6.8583245E-10  2.6648195E-10  0.1009167    
  0.1637315      6.8184068E-17  2.0442632E-15   4.760275       1.173071    
  0.2102516       1.125968     -6.9789757E-10  8.1399776E-09 -3.0203569E-07
 -2.4226028E-07 -5.1992372E-11  9.9907993E-10  0.1010102      0.1504872    
 -4.6771608E-17  6.2294191E-16   3.109704      -1.689402      0.2126784    
   1.043949      5.9052918E-10  2.0590960E-09  1.4512845E-07 -2.8265640E-07
 -2.3337715E-10  6.3369043E-10  0.1014948      0.1389858      2.9903405E-16
  9.2314733E-16   1.876475       1.812466      0.2144432      0.9186926    
 -7.8183865E-10  2.4829205E-09 -3.6980879E-07 -4.6453788E-06 -5.5525768E-11
 -9.2677510E-10  9.9781610E-02  0.1222400     -1.0798550E-16  7.6817079E-16
   1.333614      -1.019461      0.2156919      0.8562768     -8.0863150E-10
 -1.2170858E-08 -1.2442369E-07  4.2683678E-07  7.1670286E-10  4.4769877E-10
  9.9654004E-02  0.1136684      2.9974836E-16 -3.7332876E-15   1.088191    
   2.191687      0.2166121      0.7529417     -1.4500624E-09 -9.6870281E-09
 -2.3335949E-07 -2.0110747E-07  1.0218561E-10  9.4507868E-10  9.9965796E-02
  0.1001657      2.8846405E-17  1.1951161E-15  0.9885584      -1.208558    
  0.2169072      0.6538814      5.6842991E-10 -7.6306605E-10 -1.7922116E-07
  5.9866579E-07  2.6175656E-10  1.0561507E-10  0.1001480      8.7016992E-02
  4.2387104E-16  1.6705658E-15   1.068773       1.537496      0.2180483    
  0.5704995      1.0655785E-09 -1.7280399E-11  3.4525335E-08  5.0422386E-07
  1.1930329E-10  9.5383257E-10  0.1004566      7.5766355E-02 -2.1206109E-16
  4.1838007E-16   1.142762      -1.917685      0.2189292      0.4626718    
 -8.7943142E-10 -3.5424819E-10 -1.5384794E-07 -2.1507731E-08  1.2296412E-09
 -3.4526693E-10  0.1007210      6.1542299E-02 -3.9440673E-17  1.8812534E-15
  0.5528879      0.7805837      0.2160204      0.1693375     -5.3753413E-10
 -1.0568328E-09 -2.4238696E-07  3.1956006E-08 -3.9291836E-10  8.7595708E-11
  0.1004724      2.2461807E-02  8.9466225E-16  5.0345944E-17   1.590653    
  -2.688967      0.2342107      0.4863577      4.7238533E-11 -4.0427039E-09
 -3.0131886E-07 -8.6681894E-08  3.4116718E-10 -1.5916157E-12  0.1030623    
  6.4717345E-02 -3.3949433E-16  1.0938499E-16  0.1799913     -0.6406797    
  0.2266964      0.2915157      6.9388045E-10  8.0717655E-11 -4.6204096E-07
 -4.0140003E-07 -8.3417322E-11  2.9501734E-10  0.1021937      3.8457170E-02
  1.3710361E-16  4.7518548E-16  0.5021453      6.7252234E-02  0.2247574    
  2.2396892E-02 -9.5938690E-10 -1.1641532E-09 -1.6071864E-07 -2.0625885E-07
  4.0716039E-10 -5.0590643E-12  0.1020975      2.9472772E-03  6.9522598E-17
 -4.7311872E-16   1.632246      -2.919050      0.2437108      0.2721826    
  5.7214944E-10 -1.5943442E-09 -1.5912818E-07 -2.1958840E-08  1.8247565E-10
 -3.9108272E-11  0.1047211      3.6480077E-02  1.9259115E-16  3.1003337E-15
  0.3492760      -3.020523      0.2316067      5.6514177E-02  5.0879800E-10
 -8.4583007E-11 -1.3753709E-07 -8.0384780E-08 -4.1318493E-10  3.2656544E-11
  0.1032029      7.5265607E-03  1.7896668E-16  2.1841253E-16   1.911740    
 -0.3432444      0.2457758     -0.4898203     -1.6636291E-10  9.9134922E-11
 -1.5371492E-07  5.5742566E-07 -1.3881937E-10  7.1781869E-10  0.1052146    
 -6.5641493E-02 -1.2197996E-17  1.1987888E-16  0.3734022     -2.1995772E-02
  0.2355089     -1.4050380E-02  6.0420569E-10  1.1505108E-10 -5.7662145E-08
 -1.4467514E-07  4.9852306E-10  2.8450131E-11  0.1039096     -1.8960212E-03
 -3.0690584E-16 -4.2399081E-17   1.350379       3.141138      0.2469684    
 -3.0587995E-03  1.4215016E-09 -6.0623506E-11 -4.4262226E-08 -7.4709533E-08
 -3.4993994E-10  9.3933750E-12  0.1055170     -3.8253455E-04 -2.5308892E-16
  3.7212868E-16  0.8269303       2.938912      0.2386167     -0.1830194    
 -3.6181161E-10 -1.2328201E-09  7.4613595E-09  3.7165591E-08 -7.7890000E-10
  6.4574124E-11  0.1044548     -2.4642922E-02  3.8503676E-17  4.6535990E-16
  8.6788252E-02   3.141170      0.2383628     -1.1770602E-03 -8.7198015E-10
 -1.7962520E-11 -1.8173121E-07 -1.1853990E-07  7.2551093E-10  2.8137492E-12
  0.1044955     -1.5164395E-04  1.6693685E-16 -1.8723087E-15  0.5073484    
 -0.6903275      0.2349414     -0.5414222     -1.0064386E-10  1.1386874E-09
 -4.1320948E-08  6.7229848E-08 -6.3614516E-11  9.5496944E-12  0.1040812    
 -7.3164314E-02  1.9281535E-16 -6.0133918E-16   2.607907     -0.3982598    
  0.2515775     -0.7267299      7.4376455E-10 -1.0950316E-09 -5.9131593E-09
 -3.3748802E-07 -4.5734591E-10  7.5419848E-10  0.1063800     -9.8371170E-02
 -2.1367044E-16  2.0472448E-16  0.2340959       2.829405      0.2545362    
 -0.6059666     -1.6069174E-09  5.1113602E-10 -2.3747108E-07  1.1083612E-06
  6.7479730E-11 -1.3983481E-10  0.1068193     -8.1912085E-02  6.7477523E-17
  8.1401899E-16   1.167935     -9.0462573E-02  0.2567302     -0.1915627    
 -4.0331152E-11 -1.4515535E-09 -5.0097600E-07  7.7305594E-07 -5.2605847E-11
 -3.2628122E-11  0.1071557     -2.5891835E-02 -2.2814414E-16 -2.8329390E-15
   1.498528       3.091970      0.2569103     -0.1086292      2.0826374E-09
 -6.2755134E-11 -1.8515981E-07  7.4593117E-08 -3.3000741E-10 -4.0131454E-11
  0.1072342     -1.4712146E-02 -3.9429127E-18  2.2435667E-15  0.8252010    
 -7.9980932E-02  0.2572564     -0.1797959      1.2412583E-09  7.5942808E-11
 -2.2294601E-07 -2.4447218E-09  4.1125026E-10 -2.0105517E-10  0.1073149    
 -2.4365490E-02  1.1745329E-16  8.4796807E-16  0.3851581       3.108872    
  0.2577692     -7.8090951E-02 -3.5996522E-10  4.9590199E-10 -2.7645331E-07
 -1.4860416E-07 -9.9438358E-10 -2.3703706E-11  0.1074151     -1.0541340E-02
  1.1862471E-17 -1.8286154E-15   1.321853       3.131079      0.2569016    
 -2.7008615E-02  1.3858293E-09 -1.8894752E-10 -6.2726677E-08 -2.9709554E-07
  1.3524167E-11 -1.7578827E-11  0.1073256     -3.6180879E-03  4.9800578E-17
  1.3091741E-17  0.1170120      -3.119287      0.2557050      4.7620516E-02
 -1.3062523E-10  5.8889782E-11  3.9809596E-09  6.7841029E-08  1.3567919E-09
  1.5205615E-12  0.1071889      6.4671491E-03  1.8544160E-16  3.0535199E-16
  0.9242956      1.7569032E-03  0.2563775      3.7622612E-03  4.5619217E-11
 -3.1947778E-11 -3.4140206E-07 -9.8672899E-08 -4.8660498E-10  1.1890489E-12
  0.1073055      5.1243330E-04  2.7157750E-16  6.0603513E-17   1.160827    
 -3.5684958E-02  0.2573435     -8.3017930E-02  1.9369986E-09  7.5942808E-11
 -2.3917616E-07  6.0143066E-08 -2.8117719E-10 -1.3159251E-11  0.1074600    
 -1.1269603E-02 -4.1843246E-18  3.0211971E-17  0.9231921     -4.1936658E-02
  0.2582576     -0.1015982     -1.0382529E-09  1.3710633E-10 -2.9449689E-07
  4.9558366E-08 -1.0921315E-10  5.0732751E-11  0.1076062     -1.3794235E-02
 -9.8669425E-17 -2.8132675E-16  0.4645143     -2.5661166E-03  0.2577730    
 -6.2338416E-03  1.2548360E-10 -4.6952664E-11 -8.8340450E-08  2.9693183E-08
 -9.6964596E-11  3.0055958E-12  0.1075605     -8.4604550E-04  1.5485767E-16
  2.9685117E-17  1.8130928E-02  2.4621612E-03  0.2567677      6.0581239E-03
 -4.3864345E-10  4.2767567E-11 -1.7916769E-07 -7.7240657E-08 -7.4667172E-10
  7.1054274E-13  0.1074502      8.2440028E-04 -3.7940705E-16 -5.7505279E-17
  0.1760344      -3.111377      0.2577778      7.4028112E-02 -1.8346119E-10
  5.3432814E-11 -8.7623256E-08 -1.0478834E-07  1.0405261E-10  7.5345952E-11
  0.1076057      1.0073873E-02 -2.0366697E-16 -7.5242784E-17  0.2548107    
  5.0098792E-02  0.2565289      0.1187680      2.3759783E-10  5.0840754E-10
 -2.5154765E-07 -4.9316441E-08 -9.0609339E-11 -2.2652102E-11  0.1074525    
  1.6162142E-02  1.5562126E-17 -2.3066147E-16  0.5423578      1.6269905E-02
  0.2571889      3.9889038E-02 -1.2639682E-10  2.1918822E-10 -2.8751063E-07
 -6.7193469E-08  6.4120054E-10  3.5498715E-11  0.1075579      5.4281601E-03
  1.3475564E-16 -1.8295912E-16  0.3356201      1.8039562E-02  0.2576464    
  4.5456935E-02  8.1517265E-10  3.9642600E-10 -1.9512468E-07 -2.4283509E-08
 -3.8756227E-11  1.1425527E-11  0.1076350      6.1858366E-03  1.9253795E-16
  2.4394549E-17  0.1985121       3.138964      0.2590497     -7.0416597E-03
  1.2629566E-09 -2.0136781E-11 -3.1455227E-07  6.9898306E-08 -1.3694709E-10
 -6.0236260E-12  0.1078404     -9.5824094E-04  4.8121096E-17 -5.6763913E-18
  4.1976772E-02   3.139941      0.2588082     -4.4063232E-03  7.1714745E-10
 -3.3253400E-12 -1.0836895E-07 -1.7188086E-08 -1.2450477E-11  6.2403416E-12
  0.1078208     -5.9961854E-04 -2.6051176E-16 -3.9011161E-18  8.0221258E-03
  4.6291007E-03  0.2586985      1.2446336E-02 -8.0832674E-10 -8.9812602E-12
 -2.3103715E-07  2.0727384E-09  1.1250539E-10 -6.4979133E-12  0.1078185    
  1.6937155E-03  2.7056623E-16  2.7694272E-17  3.2732893E-02  -3.137055    
  0.2583812      1.2186846E-02  8.8670482E-10  5.4285465E-12  5.0443653E-08
 -2.6297130E-08  5.6590510E-10  2.4051872E-12  0.1077874      1.6584070E-03
  2.0513613E-16  1.8665642E-17  3.3960298E-02  7.9881735E-03  0.2582747    
  2.1620972E-02 -7.9116588E-11 -1.3670842E-10 -1.7049507E-07 -4.7384674E-09
 -5.1484828E-10  2.6574298E-12  0.1077842      2.9422096E-03  1.5829762E-16
  6.5077541E-18  0.1703046      -3.132033      0.2583729      2.6414765E-02
 -1.2769790E-11  5.0874860E-11 -8.0240717E-08 -4.8617949E-08  1.3466324E-10
 -1.6022739E-11  0.1078084      3.5945652E-03 -2.2954389E-16  1.2969345E-17
  9.2928849E-02  -3.134592      0.2585631      1.9702755E-02 -8.2309265E-10
  5.6274985E-12 -2.3029241E-07 -7.4724085E-09  9.3839414E-10 -1.9348079E-11
  0.1078444      2.6811883E-03 -3.9840102E-17  9.5630020E-18  3.0553788E-02
  1.2986880E-02  0.2592206      3.7761088E-02 -8.4669527E-10  1.6211743E-10
 -3.0242069E-07 -2.0809239E-08  3.8179893E-10 -2.0463631E-12  0.1079436    
  5.1385909E-03  5.4507174E-16 -7.5759474E-17  0.1148431      -3.133975    
  0.2597048      2.2814808E-02  1.0761508E-09 -3.4049208E-11 -1.4114148E-07
 -4.1618478E-09 -3.2151939E-10 -8.9457330E-12  0.1080188      3.1046697E-03
  2.0370034E-17 -2.8749569E-17  0.1105632     -3.9066418E-04  0.2602775    
 -1.2160434E-03 -5.9371436E-10  9.9475983E-12 -5.9014774E-08  1.0149392E-09
  1.8703090E-10  7.4207307E-13  0.1081058     -1.6548099E-04 -2.7354106E-16
  2.9538951E-19  2.0540556E-02  -3.141302      0.2602630      9.4934739E-04
  6.4333766E-10  1.3500312E-13 -2.7540418E-07 -2.2104132E-09 -8.1353847E-11
 -9.3591801E-13  0.1081122      1.2918873E-04  1.2434509E-16  4.7512460E-18
  2.0011289E-02  7.1065925E-04  0.2602740      2.2657616E-03  4.6693199E-10
  1.2775558E-11 -1.2843898E-07 -5.6616045E-10  2.0131832E-10 -8.1801232E-13
  0.1081216      3.0832842E-04 -1.4975040E-16 -6.5721816E-18  3.6574956E-02
  -3.140869      0.2603628      2.3502335E-03 -1.6360381E-09 -5.4711791E-12
 -2.1047587E-07 -3.2596290E-09  2.3357141E-10  1.8145485E-12  0.1081415    
  3.1982336E-04  4.0706210E-17 -3.4446712E-18  3.9515179E-02  6.1811449E-04
  0.2605489      2.0229383E-03  1.6842915E-09  7.9651841E-12 -2.9556810E-07
 -2.9338025E-09  2.1270954E-10  5.9729999E-13  0.1081743      2.7528527E-04
  2.0548048E-16  2.3134587E-19  5.7962062E-03  2.1179959E-04  0.2608873    
  7.0939359E-04  1.3361335E-09  1.0231815E-12 -1.6431822E-07  5.7127636E-10
 -1.8238323E-10  1.2745360E-13  0.1082271      9.6535419E-05 -1.7238391E-16
  1.8801484E-18  1.8434813E-03 -1.3794168E-04  0.2593975      0.0000000E+00
 -1.7458277E-09  0.0000000E+00 -1.8558605E-07  0.0000000E+00  1.5094756E-10
  0.0000000E+00  0.1080311      0.0000000E+00  2.2560270E-16  0.0000000E+00
  9.6985567E-03  1.0630762E-05  0.2595674      0.0000000E+00  1.4771977E-09
  0.0000000E+00 -1.3031449E-07  0.0000000E+00 -6.6762684E-10  0.0000000E+00
  0.1080608      0.0000000E+00 -1.0552321E-16  0.0000000E+00  1.8779244E-03
 -2.8221139E-05  0.2597305      0.0000000E+00  7.7213722E-11  0.0000000E+00
 -6.5724322E-08  0.0000000E+00 -9.6517152E-12  0.0000000E+00  0.1080891    
  0.0000000E+00 -1.7551289E-16  0.0000000E+00  1.3708135E-02  1.9098006E-06
  0.2598870      0.0000000E+00 -7.7381274E-10  0.0000000E+00 -1.3328234E-07
  0.0000000E+00  3.4359951E-10  0.0000000E+00  0.1081163      0.0000000E+00
 -4.5404116E-16  0.0000000E+00  1.7898846E-02  -3.141587      0.2600366    
  0.0000000E+00  1.3969230E-09  0.0000000E+00 -1.7808516E-07  0.0000000E+00
  2.8633165E-10  0.0000000E+00  0.1081425      0.0000000E+00  3.8892484E-16
  0.0000000E+00  5.0291251E-03  1.3077572E-05  0.2601804      0.0000000E+00
 -1.2965908E-10  0.0000000E+00  8.5352712E-09  0.0000000E+00 -4.5380675E-11
  0.0000000E+00  0.1081675      0.0000000E+00  3.1128421E-16  0.0000000E+00
  1.2494827E-15  -1.543026     -5.3198185E-16 -3.1019273E-24 -4.1756265E-09
 -2.1138346E-17 -1.5358085E-14 -4.7271215E-17  6.0961231E-10  3.1565529E-18
  9.2518583E-17 -9.6805981E-24  2.2002357E-13  8.0875849E-25  1.9556319E-14
  -1.788234      4.3972644E-15 -7.6978354E-18 -4.3268469E-09 -9.9567056E-12
  8.1265900E-15  1.2323476E-14  6.3017713E-10  1.8579201E-12  6.2619273E-17
  9.3512437E-19  2.2049849E-13  1.2940084E-20  1.6269188E-13   1.160887    
  2.6482684E-15  3.6082248E-16 -4.7521049E-09 -6.1969885E-10  9.7504427E-15
 -3.2196468E-14  7.0411771E-10  1.1234891E-10 -2.7836912E-16 -8.6736174E-18
  2.2158843E-13  6.8947169E-19  5.2738657E-13 -0.2310907      4.8254573E-15
  3.3306691E-16 -5.2393760E-09 -5.6899965E-09  6.1864839E-15 -3.4638958E-14
  7.7496670E-10  9.9069031E-10 -5.6709433E-16 -2.5673907E-16  2.2161910E-13
 -4.7066130E-18  6.1036988E-13  -1.038113      2.5095535E-16  9.9920072E-15
 -4.7113624E-09 -1.6508352E-08  1.9449039E-15 -4.3964832E-14  6.6885458E-10
  2.7464868E-09  1.1136143E-15 -4.9960036E-16  2.2194430E-13  1.3286102E-16
  7.2136058E-13  -2.687857      5.2644957E-15  1.7541524E-14 -3.5549843E-09
 -2.4238352E-08  2.3791470E-15  3.2418512E-14  4.7271587E-10  3.8536996E-09
  2.5942827E-16  3.8857806E-15  2.2205705E-13  4.3271104E-16  8.4774104E-13
  3.1436183E-02  1.1879067E-15 -1.9539925E-14 -2.6686673E-09 -2.6715913E-08
 -1.4848835E-15  1.2922996E-13  3.3451442E-10  4.0697694E-09 -2.5455145E-16
  4.8849813E-15  2.2254601E-13  6.1374769E-16  5.3269384E-13  0.3470616    
 -3.1036907E-16  1.7985613E-14 -2.1456876E-09 -2.6287090E-08  4.3086529E-15
 -5.1958438E-14  2.5987701E-10  3.8286796E-09  4.1078259E-17  8.3266727E-17
  2.2311486E-13  6.0604493E-16  8.9682320E-13   1.898497     -1.1377239E-15
 -4.3298698E-14 -1.7081478E-09 -2.6631332E-08 -1.9870108E-15  5.5067062E-14
  2.0077907E-10  4.3412753E-09 -4.2464342E-16 -5.2458038E-15  2.2405294E-13
  3.7109941E-15  1.8240080E-12   1.936292     -5.9968260E-16 -2.7200464E-14
 -1.6857021E-09 -2.2838716E-08 -4.5118976E-15  2.9309888E-14  2.0709599E-10
  3.2285215E-09  2.7128499E-16 -1.8318680E-15  2.2558186E-13  1.8519974E-14
  1.5971464E-12 -0.8145009      1.9312773E-16  3.2862602E-14 -1.5565234E-09
 -2.2237472E-08  3.1415444E-15 -2.5979219E-14  1.9474983E-10  3.0934639E-09
 -1.4162701E-16  1.3419821E-14  2.2620259E-13  6.1238449E-14  1.1707142E-12
  0.8969440      2.2391399E-15  1.0325074E-14 -1.5994581E-09 -1.8523572E-08
  7.5028770E-16  1.2212453E-14  2.0342140E-10  2.5192475E-09 -5.2754605E-17
  7.6258444E-15  2.2516235E-13  9.6351251E-14  2.8814780E-12  -2.884951    
 -1.7432032E-15  7.3274720E-15 -1.5687376E-09 -1.7017074E-08 -1.6355982E-15
  4.1078252E-15  2.0298509E-10  2.2889060E-09  9.1464371E-17 -5.2527427E-15
  2.2454341E-13  1.1459098E-13  1.8905645E-12 -3.1951521E-02  3.5798043E-15
 -4.3465231E-14 -1.6357010E-09 -1.4741900E-08 -2.3865361E-15  4.2521542E-14
  2.1321157E-10  1.9805326E-09 -8.9495108E-16  6.9388939E-17  2.2446679E-13
  1.4319493E-13  2.6731552E-13  -1.052887      5.7858004E-15 -1.7430501E-14
 -1.6365059E-09 -1.3354778E-08 -2.6618379E-15 -5.4345417E-14  2.1567488E-10
  1.7872015E-09 -3.0500224E-16  4.7670201E-15  2.2477877E-13  1.7458887E-13
  1.0329333E-12  -2.638712     -1.4676971E-15  1.1657342E-14 -1.6524219E-09
 -1.2421568E-08 -4.0750179E-15  3.5194070E-14  2.1914676E-10  1.6379094E-09
  8.2881719E-16  3.5388359E-16  2.2444083E-13  2.3812140E-13  4.6389411E-13
   1.940548      8.9098062E-16 -1.4710455E-14 -1.7322979E-09 -1.0238511E-08
  3.3047283E-15 -2.7422509E-14  2.3008594E-10  1.3747674E-09  2.3489489E-16
  2.7720881E-15  2.2276641E-13  2.9958189E-13  7.3768460E-13  -2.285152    
 -4.9888919E-15  3.5083048E-14 -1.7288709E-09 -9.4999235E-09  3.2954149E-15
 -1.1629586E-14  2.3099796E-10  1.2699132E-09  3.4327238E-16  1.4328816E-15
  2.2077502E-13  3.2279884E-13  1.6780848E-12 -0.8083235      3.1717877E-16
  5.8009153E-15 -1.7541635E-09 -8.8434682E-09 -4.9595227E-15 -8.6597396E-15
  2.3486024E-10  1.1760153E-09 -2.0184104E-16  4.7288562E-15  2.1959413E-13
  3.3680909E-13  1.1516502E-12   1.621140      4.2362799E-16 -2.2620794E-14
 -1.7758777E-09 -7.7285875E-09 -7.1060177E-16 -4.0106807E-15  2.3623481E-10
  1.0281459E-09 -1.3665419E-16  3.7955750E-15  2.1936935E-13  3.7930084E-13
  1.0894125E-12  -2.517007     -2.7145221E-15  8.5764729E-15 -1.8008633E-09
 -7.2630080E-09 -7.1694554E-15 -8.9650509E-15  2.3861738E-10  9.6342934E-10
 -5.0004357E-16  3.8163916E-16  2.1852786E-13  4.1753008E-13  3.0964211E-12
  2.4381450E-03  2.8338360E-15  2.8588243E-15 -1.8188272E-09 -6.3048367E-09
  1.7819754E-15 -1.6958657E-14  2.4005548E-10  8.3883273E-10 -4.8880577E-16
 -7.2164497E-16  2.1792648E-13  4.6687692E-13  1.0032838E-13  0.7447471    
  1.1580493E-15 -7.5633944E-15 -1.8296253E-09 -5.4732467E-09 -4.3958604E-15
 -1.8846036E-14  2.4007593E-10  7.2839773E-10  6.2038350E-16 -3.1953606E-15
  2.1647675E-13  4.9024890E-13  1.2505896E-12  -1.820124     -7.6887462E-16
 -1.0338952E-14 -1.8427511E-09 -4.7557354E-09  6.6937321E-15  1.1310397E-14
  2.4170568E-10  6.3141531E-10  3.5616986E-16 -6.0802058E-16  2.0942689E-13
  5.0371274E-13  2.2071941E-12   1.542184      3.4252202E-15  4.0176196E-15
 -1.8497985E-09 -3.7378176E-09  2.4280043E-15 -5.8286709E-15  2.4282948E-10
  4.9715593E-10  3.5769704E-16 -1.6740082E-16  2.0916617E-13  6.2773002E-13
  1.8713492E-12 -0.6697895      2.1650266E-15  3.1433189E-15 -1.8246438E-09
 -1.0160747E-09  2.1650266E-15  4.7670201E-15  2.3992766E-10  1.3483503E-10
  3.6430735E-17 -4.1806836E-16  2.0757051E-13  5.0184173E-13  1.2062816E-12
  -2.364183     -5.4060213E-15  5.7037708E-15 -1.9791024E-09 -4.1378869E-09
 -1.7619625E-15  3.1363800E-15  2.6133420E-10  5.5057564E-10 -6.7575267E-16
 -1.2663481E-15  2.0891836E-13  4.3462995E-13  1.8067157E-12  -2.919709    
 -1.3692751E-15  4.9821258E-15 -1.9117017E-09 -2.3481963E-09  7.7142264E-15
  2.2620794E-15  2.5287458E-10  3.0972719E-10  3.8571133E-16 -5.8330077E-16
  2.0831417E-13  3.5976194E-13  2.4436757E-13 -0.5652091      2.0461234E-16
  3.0808689E-15 -1.8924611E-09 -4.7766680E-11 -4.4642691E-16  8.1878948E-15
  2.5120112E-10  6.1533109E-12 -1.1625701E-16 -4.0505793E-16  2.1011596E-13
  3.8540015E-13  5.1493179E-13  -1.390436     -2.6765758E-15  2.2204460E-16
 -2.0528146E-09 -2.3209485E-09  8.6225259E-16  6.2450045E-17  2.7290251E-10
  3.1107814E-10 -4.1316271E-16  3.8771070E-16  2.0811914E-13  4.3606395E-13
  2.9328558E-13 -0.8973855      4.8283944E-15 -6.9735884E-16 -1.9485766E-09
 -3.5358619E-10  2.9178786E-15  6.6058270E-15  2.5937671E-10  4.7032656E-11
  7.9894292E-16  3.6299089E-16  2.0689043E-13  3.2495407E-13  1.0987512E-13
  -2.385493     -4.8752580E-16 -1.5404344E-15 -2.0691238E-09  4.2223607E-09
  0.0000000E+00 -9.7491459E-16  2.7610944E-10 -5.6584359E-10 -5.8839324E-16
  2.0816682E-16  2.0565903E-13  1.8767502E-13  1.4046007E-12  -3.002026    
  1.7754766E-15  1.1310397E-15 -1.9794029E-09  2.3336855E-10 -1.4334123E-15
 -3.1918912E-16  2.6432556E-10 -3.1412786E-11 -6.0268475E-16 -3.0010716E-16
  2.0631432E-13  2.6433253E-13  4.0063040E-13 -0.4120693      2.7172232E-15
  1.8735014E-16 -2.0760602E-09  7.3077534E-12  2.5276494E-15 -1.6445179E-15
  2.7754068E-10 -7.2645888E-13  2.3696715E-16 -9.4596640E-18  2.0549324E-13
  2.2839749E-14  5.8554442E-13   2.342251      1.0428191E-15  4.0731307E-15
 -2.0037338E-09  1.6174361E-09 -5.5208070E-15 -8.5695340E-16  2.6802621E-10
 -2.1779314E-10  2.7604036E-16  1.9515639E-16  2.0605586E-13 -3.2134001E-14
  2.7815510E-13  0.3237385     -5.0211719E-15  1.2143064E-16 -1.9995006E-09
  1.2764345E-10  0.0000000E+00  2.1233015E-15  2.6783165E-10 -1.7175913E-11
  1.6389582E-16 -2.3765712E-16  2.0914344E-13  8.6409375E-14  2.1839896E-13
  0.4538718     -5.3314985E-15 -2.9420910E-15 -1.9686348E-09  4.9333804E-09
 -1.2981040E-14  7.6605389E-15  2.6381222E-10 -6.6663686E-10  2.1731653E-17
 -1.2490009E-16  2.0781189E-13 -1.2310012E-13  4.1514115E-13   2.812421    
 -7.1900159E-16  1.4294121E-14 -2.1161306E-09  6.5120100E-09  5.0753055E-16
 -8.2781004E-15  2.8392511E-10 -8.8147079E-10 -3.8769693E-16 -1.2004286E-15
  2.1018614E-13 -1.4269920E-14  5.8355463E-13  -1.247572     -5.0384649E-15
 -1.1102230E-14 -2.1422997E-09  5.4302629E-09  8.2372717E-15 -7.6327833E-17
  2.8758507E-10 -7.3406892E-10  6.7271055E-16  2.2794266E-15  2.1098779E-13
 -1.1885310E-13  8.4422588E-15  -1.338576      5.8998564E-15  4.3298698E-15
 -2.1599043E-09  1.7496931E-09  1.7338353E-14  1.8318680E-15  2.9010003E-10
 -2.3650959E-10 -1.1706064E-15  3.3393427E-16  2.1141403E-13 -8.3499098E-14
  2.0290006E-13  -2.837914      9.3665767E-15 -1.1726731E-15 -2.1605884E-09
  1.0209298E-09  3.4961596E-15 -3.1571967E-15  2.9046512E-10 -1.3828687E-10
  8.2838112E-16  4.2240517E-16  2.1296142E-13 -8.7794606E-14  1.6511322E-12
  -3.094373     -4.0476825E-15 -6.4184769E-15 -2.1627080E-09  1.6309792E-09
 -7.1279945E-16 -1.2906343E-15  2.9085859E-10 -2.2103588E-10 -1.0946563E-15
 -8.4134089E-17  2.1307568E-13 -1.0899104E-13  3.7954554E-14  0.3152610    
  1.2675308E-15  6.4184769E-16 -2.1662148E-09  7.1368567E-10  6.0145578E-15
  9.1593400E-15  2.9143427E-10 -9.6351101E-11 -1.6776143E-16 -1.9298799E-16
  2.1365608E-13 -1.0545926E-13  1.0273388E-13  0.7219307     -4.3700275E-16
  3.0704606E-16 -2.1577158E-09  2.5266453E-10 -9.3227250E-15  1.2750218E-16
  2.9035865E-10 -3.3884874E-11 -3.8844687E-16  7.5894152E-17  2.1334512E-13
 -4.0193855E-14  3.1329418E-14 -0.6814168     -6.5253013E-15 -7.5200263E-16
 -2.1463222E-09 -4.0307832E-10 -5.4100676E-15  3.7123082E-15  2.8889080E-10
  5.4740729E-11  5.9914129E-16 -8.6736174E-19  2.1341871E-13 -7.6063228E-15
  3.4184796E-14 -0.2235126      7.4250029E-16 -9.6643071E-17 -2.1515283E-09
 -2.9049147E-11  3.9909389E-15 -5.4990734E-16  2.8967445E-10  3.9577044E-12
  1.5662116E-16 -6.5560350E-18  2.1358490E-13  2.3859451E-15  1.5922233E-13
  2.3535322E-02  3.8364104E-15 -1.9151347E-15 -2.1593836E-09  7.2094797E-10
 -1.9976575E-15  1.8457458E-15  2.9083919E-10 -9.7866902E-11  6.5831898E-16
 -3.4781206E-16  2.1380299E-13 -2.2854787E-14  4.5965700E-13   2.800173    
 -1.9108746E-15  8.3960616E-16 -2.1667912E-09  8.8397639E-10 -5.3326733E-16
 -5.5402731E-17  2.9189556E-10 -1.2002439E-10  1.9442037E-16 -1.0842022E-16
  2.1426299E-13 -5.9085366E-14  6.6974726E-14  7.3521927E-02 -2.0235189E-15
 -7.1557343E-17 -2.1619326E-09  5.7448959E-11  1.2445730E-14 -6.5919492E-16
  2.9130617E-10 -7.7948550E-12  9.2472645E-17  1.3823578E-17  2.1395316E-13
 -2.4750189E-14  8.2791189E-14  -2.587698      2.8136884E-15  1.2088854E-16
 -2.1527486E-09 -4.9596459E-11 -9.3789608E-16  1.0386657E-16  2.9017339E-10
  6.7492379E-12  1.9717134E-16  6.3290302E-18  2.1365181E-13  1.2207481E-14
  3.3492418E-14 -0.1300598      9.8187752E-16  2.8241298E-15 -2.1610211E-09
 -6.4604844E-10  1.6712809E-15 -9.8532293E-16  2.9136465E-10  8.7919644E-11
 -7.4685367E-16  3.0661237E-16  2.1341783E-13  1.6584712E-14  1.2962308E-13
   2.942427      4.0555938E-15  1.0685897E-15 -2.1497912E-09 -1.0303675E-09
  4.2604220E-15  5.5511151E-16  2.8988567E-10  1.4021281E-10 -5.6327691E-17
  1.4398205E-16  2.1336206E-13  2.5890021E-14  1.1817361E-13 -7.7114150E-02
  2.1697452E-15 -3.2439329E-16 -2.1551716E-09 -3.4897993E-10  7.9557324E-15
 -7.4246165E-16  2.9066413E-10  4.7492711E-11  9.8442148E-16 -4.0982842E-17
  2.1342379E-13  3.1777806E-14  3.3731241E-14  -1.826602      2.1092306E-15
 -6.4011296E-16 -2.1587405E-09 -3.9405859E-10 -9.4619700E-16  3.6082248E-16
  2.9119099E-10  5.3624181E-11 -8.6241909E-16  3.9464959E-17  2.1363236E-13
  2.3488850E-14  4.0661918E-15  0.0000000E+00 -2.7668473E-15 -6.1149003E-17
 -2.1705924E-09  6.0830681E-11  0.0000000E+00 -1.4268101E-16  2.9284258E-10
 -8.2778862E-12  1.1125435E-16  2.8731358E-18  2.1414482E-13 -4.8748944E-15
  1.9796022E-13   3.129534      1.1398752E-15  1.6479873E-16 -2.1681816E-09
  3.8378863E-11 -1.4438419E-15 -7.1882604E-17  2.9256267E-10 -5.2227190E-12
  5.6993763E-17  7.0337616E-18  2.1407958E-13 -1.0996752E-15  2.0507037E-14
  -2.796862     -2.2205089E-15  4.5579859E-16 -2.1669397E-09 -1.0767640E-10
  5.8218387E-15  1.2793586E-16  2.9243538E-10  1.4653232E-11 -2.9855582E-16
 -2.2009304E-17  2.1387556E-13  5.5750832E-15  2.0578523E-14  0.2520119    
 -7.3333561E-16  5.8546917E-17 -2.1639477E-09 -1.0536663E-10 -1.9800062E-15
  1.2012960E-16  2.9206385E-10  1.4338048E-11  3.4833441E-16 -1.3227267E-17
  2.1370237E-13  1.4149677E-14  4.7063661E-14  7.5041786E-02 -2.1982275E-15
  5.9587751E-16 -2.1627788E-09 -1.8647835E-10 -4.5406014E-15 -4.7097742E-16
  2.9194075E-10  2.5376503E-11  3.0631041E-16  2.3852448E-17  2.1353364E-13
  1.9121161E-14  1.9537000E-14  -1.183464     -2.4622149E-15 -1.2177759E-15
 -2.1634063E-09 -2.2791170E-10  1.5588122E-15  2.9663771E-16  2.9205302E-10
  3.1016262E-11 -1.6828087E-16  1.1817804E-17  2.1346459E-13  1.9966808E-14
  2.6812839E-15   1.437775     -6.6193772E-16  3.6082248E-16 -2.1648714E-09
 -1.6971417E-10  1.0103260E-14  2.6020852E-17  2.9228039E-10  2.3095643E-11
  5.4871149E-16 -7.6110993E-17  2.1349423E-13  2.1368663E-14  2.2301885E-14
  -3.105960     -9.4240706E-16  1.3010426E-17 -2.1702276E-09 -3.2568834E-10
  1.6449287E-15 -7.8236029E-16  2.9305250E-10  4.4320717E-11  7.9676234E-16
 -1.4799360E-16  2.1367203E-13  1.5007789E-14  3.7897142E-14 -4.4401428E-03
 -3.7090008E-16 -5.6898930E-16 -2.1742663E-09 -1.9645752E-10 -1.4229076E-14
 -9.1072982E-17  2.9362066E-10  2.6734066E-11 -5.2263193E-16  4.9548039E-17
  2.1410236E-13  5.9976569E-15  1.9760586E-14  -2.981755      4.8283415E-15
 -4.5915962E-17 -2.1790063E-09  1.0452196E-11  6.7032646E-15 -1.7347235E-18
  2.9429631E-10 -1.4223918E-12  7.1346628E-16 -4.6078592E-18  2.1436554E-13
 -1.8423205E-16  4.3271830E-15   2.856836      8.0035132E-16 -3.1983964E-18
 -2.1786677E-09 -8.1824001E-12  6.5988148E-15 -2.1250363E-17  2.9428959E-10
  1.1135424E-12  1.6333700E-17 -4.4045713E-20  2.1429180E-13  7.0664978E-16
  2.4049832E-15   3.053480     -6.1115812E-15  2.8568727E-17 -2.1786382E-09
 -1.9475286E-11  1.0293190E-15 -2.0816682E-17  2.9430078E-10  2.6503199E-12
 -6.0311658E-16 -7.8672420E-18  2.1424243E-13  1.4092805E-15  1.9137425E-14
 -0.1403491      4.0867396E-15 -4.3368087E-17 -2.1792377E-09 -2.0195980E-11
 -1.0137648E-15  7.0473141E-17  2.9439745E-10  2.7482771E-12 -7.2864347E-16
 -4.5468729E-18  2.1423374E-13  1.7295052E-15  2.6746230E-15 -0.7333213    
 -5.3522678E-15 -7.7140985E-17 -2.1806605E-09 -1.7374487E-11 -6.4913801E-15
  1.6263033E-18  2.9461533E-10  2.3643414E-12  3.2768986E-16  3.6456298E-18
  2.1428778E-13  1.5392173E-15  5.4771052E-15  -2.737514      2.4139378E-15
  2.4909545E-17 -2.1834368E-09 -6.0951023E-12  6.3961660E-15  2.2144829E-17
  2.9500388E-10  8.2945321E-13  8.4564699E-16 -2.5275463E-18  2.1442990E-13
  6.3642546E-16  1.5483326E-15 -0.4374647     -2.3032770E-15  0.0000000E+00
 -2.1704969E-09  0.0000000E+00 -3.1518526E-15  0.0000000E+00  2.9326855E-10
  0.0000000E+00  7.5008034E-16  0.0000000E+00  2.1342876E-13  0.0000000E+00
  8.0786174E-15  -3.132477     -4.4811630E-17  0.0000000E+00 -2.1718303E-09
  0.0000000E+00  5.2578977E-15  0.0000000E+00  2.9347622E-10  0.0000000E+00
  1.3443489E-16  0.0000000E+00  2.1347962E-13  0.0000000E+00  1.7754995E-16
   1.761246      4.1972943E-15  0.0000000E+00 -2.1731161E-09  0.0000000E+00
  3.0043791E-15  0.0000000E+00  2.9367414E-10  0.0000000E+00  1.0898238E-15
  0.0000000E+00  2.1352858E-13  0.0000000E+00  9.8011389E-16   3.120795    
  2.2801587E-15  0.0000000E+00 -2.1743665E-09  0.0000000E+00  1.1618643E-15
  0.0000000E+00  2.9386316E-10  0.0000000E+00  1.6701798E-16  0.0000000E+00
  2.1357528E-13  0.0000000E+00  2.8231111E-15  -3.074488      1.6473559E-15
  0.0000000E+00 -2.1755535E-09  0.0000000E+00  1.7476297E-14  0.0000000E+00
  2.9403241E-10  0.0000000E+00 -1.1459867E-16  0.0000000E+00  2.1362008E-13
  0.0000000E+00  2.8519745E-15   3.133685     -3.1089778E-16  0.0000000E+00
 -2.1766771E-09  0.0000000E+00  8.1963965E-15  0.0000000E+00  2.9420399E-10
  0.0000000E+00  7.0658588E-17  0.0000000E+00  2.1366317E-13  0.0000000E+00
