          75           1           6           6           0
 --- Force ---
           1           1           1
           2           1           2
           3           1           3
           4           1           4
           5           1           5
           6           1           6
 --- Motion ---
           1           1           1
           2           1           2
           3           1           3
           4           1           4
           5           1           5
           6           1           6
  0.0000000E+00
  0.3000000       1.994595       3.689189       5.383784       7.078378    
   8.772973       10.46757       12.16216       13.85676       15.55135    
   17.24594       18.94054       20.63513       22.32973       24.02432    
   25.71892       27.41351       29.10810       30.80270       32.49730    
   34.19189       35.88649       37.58108       39.27567       40.97027    
   42.66486       44.35946       46.05405       47.74865       49.44324    
   51.13783       52.83243       54.52702       56.22162       57.91621    
   59.61081       61.30540       63.00000       64.69460       66.38919    
   68.08379       69.77838       71.47298       73.16756       74.86216    
   76.55676       78.25135       79.94595       81.64054       83.33514    
   85.02972       86.72433       88.41892       90.11351       91.80811    
   93.50270       95.19730       96.89189       98.58649       100.2811    
   101.9757       103.6703       105.3649       107.0595       108.7541    
   110.4486       112.1432       113.8378       115.5324       117.2270    
   118.9216       120.6162       122.3108       124.0054       125.7000    
 
