216 
175 
0.000000E+00 0.000000E+00 1.500000E-01 
2.603000E-01 0.000000E+00 1.500000E-01 
2.603000E-01 0.000000E+00 0.000000E+00 
2.082333E-01 0.000000E+00 -7.000000E-02 
1.822000E-01 0.000000E+00 -7.500000E-02 
0.000000E+00 0.000000E+00 -7.500000E-02 
0.000000E+00 0.000000E+00 1.500000E-01 
2.592521E-01 2.333311E-02 1.500000E-01 
2.592521E-01 2.333311E-02 0.000000E+00 
2.073950E-01 1.866589E-02 -7.000000E-02 
1.814665E-01 1.633228E-02 -7.500000E-02 
0.000000E+00 0.000000E+00 -7.500000E-02 
0.000000E+00 0.000000E+00 1.500000E-01 
2.561169E-01 4.647836E-02 1.500000E-01 
2.561169E-01 4.647836E-02 0.000000E+00 
2.048869E-01 3.718150E-02 -7.000000E-02 
1.792720E-01 3.253307E-02 -7.500000E-02 
0.000000E+00 0.000000E+00 -7.500000E-02 
0.000000E+00 0.000000E+00 1.500000E-01 
2.509195E-01 6.924939E-02 1.500000E-01 
2.509195E-01 6.924939E-02 0.000000E+00 
2.007292E-01 5.539774E-02 -7.000000E-02 
1.756340E-01 4.847191E-02 -7.500000E-02 
0.000000E+00 0.000000E+00 -7.500000E-02 
0.000000E+00 0.000000E+00 1.500000E-01 
2.437019E-01 9.146287E-02 1.500000E-01 
2.437019E-01 9.146287E-02 0.000000E+00 
1.949553E-01 7.316795E-02 -7.000000E-02 
1.705820E-01 6.402049E-02 -7.500000E-02 
0.000000E+00 0.000000E+00 -7.500000E-02 
0.000000E+00 0.000000E+00 1.500000E-01 
2.345222E-01 1.129399E-01 1.500000E-01 
2.345222E-01 1.129399E-01 0.000000E+00 
1.876118E-01 9.034906E-02 -7.000000E-02 
1.641565E-01 7.905362E-02 -7.500000E-02 
0.000000E+00 0.000000E+00 -7.500000E-02 
0.000000E+00 0.000000E+00 1.500000E-01 
2.234542E-01 1.335077E-01 1.500000E-01 
2.234542E-01 1.335077E-01 0.000000E+00 
1.787577E-01 1.068027E-01 -7.000000E-02 
1.564094E-01 9.345025E-02 -7.500000E-02 
0.000000E+00 0.000000E+00 -7.500000E-02 
0.000000E+00 0.000000E+00 1.500000E-01 
2.105871E-01 1.530005E-01 1.500000E-01 
2.105871E-01 1.530005E-01 0.000000E+00 
1.684643E-01 1.223965E-01 -7.000000E-02 
1.474029E-01 1.070945E-01 -7.500000E-02 
0.000000E+00 0.000000E+00 -7.500000E-02 
0.000000E+00 0.000000E+00 1.500000E-01 
1.960245E-01 1.712615E-01 1.500000E-01 
1.960245E-01 1.712615E-01 0.000000E+00 
1.568146E-01 1.370048E-01 -7.000000E-02 
1.372096E-01 1.198764E-01 -7.500000E-02 
0.000000E+00 0.000000E+00 -7.500000E-02 
0.000000E+00 0.000000E+00 1.500000E-01 
1.798836E-01 1.881435E-01 1.500000E-01 
1.798836E-01 1.881435E-01 0.000000E+00 
1.439023E-01 1.505100E-01 -7.000000E-02 
1.259116E-01 1.316932E-01 -7.500000E-02 
0.000000E+00 0.000000E+00 -7.500000E-02 
0.000000E+00 0.000000E+00 1.500000E-01 
1.622944E-01 2.035107E-01 1.500000E-01 
1.622944E-01 2.035107E-01 0.000000E+00 
1.298314E-01 1.628034E-01 -7.000000E-02 
1.135998E-01 1.424497E-01 -7.500000E-02 
0.000000E+00 0.000000E+00 -7.500000E-02 
0.000000E+00 0.000000E+00 1.500000E-01 
1.433985E-01 2.172394E-01 1.500000E-01 
1.433985E-01 2.172394E-01 0.000000E+00 
1.147151E-01 1.737860E-01 -7.000000E-02 
1.003734E-01 1.520592E-01 -7.500000E-02 
0.000000E+00 0.000000E+00 -7.500000E-02 
0.000000E+00 0.000000E+00 1.500000E-01 
1.233480E-01 2.292190E-01 1.500000E-01 
1.233480E-01 2.292190E-01 0.000000E+00 
9.867525E-02 1.833693E-01 -7.000000E-02 
8.633887E-02 1.604445E-01 -7.500000E-02 
0.000000E+00 0.000000E+00 -7.500000E-02 
0.000000E+00 0.000000E+00 1.500000E-01 
1.023044E-01 2.393531E-01 1.500000E-01 
1.023044E-01 2.393531E-01 0.000000E+00 
8.184091E-02 1.914763E-01 -7.000000E-02 
7.160916E-02 1.675380E-01 -7.500000E-02 
0.000000E+00 0.000000E+00 -7.500000E-02 
0.000000E+00 0.000000E+00 1.500000E-01 
8.043712E-02 2.475600E-01 1.500000E-01 
8.043712E-02 2.475600E-01 0.000000E+00 
6.434764E-02 1.980417E-01 -7.000000E-02 
5.630290E-02 1.732825E-01 -7.500000E-02 
0.000000E+00 0.000000E+00 -7.500000E-02 
0.000000E+00 0.000000E+00 1.500000E-01 
5.792220E-02 2.537737E-01 1.500000E-01 
5.792220E-02 2.537737E-01 0.000000E+00 
4.633628E-02 2.030125E-01 -7.000000E-02 
4.054331E-02 1.776319E-01 -7.500000E-02 
0.000000E+00 0.000000E+00 -7.500000E-02 
0.000000E+00 0.000000E+00 1.500000E-01 
3.494092E-02 2.579442E-01 1.500000E-01 
3.494092E-02 2.579442E-01 0.000000E+00 
2.795184E-02 2.063488E-01 -7.000000E-02 
2.445730E-02 1.805510E-01 -7.500000E-02 
0.000000E+00 0.000000E+00 -7.500000E-02 
0.000000E+00 0.000000E+00 1.500000E-01 
1.167832E-02 2.600379E-01 1.500000E-01 
1.167832E-02 2.600379E-01 0.000000E+00 
9.342353E-03 2.080237E-01 -7.000000E-02 
8.174372E-03 1.820165E-01 -7.500000E-02 
0.000000E+00 0.000000E+00 -7.500000E-02 
-0.000000E+00 0.000000E+00 1.500000E-01 
-1.167832E-02 2.600379E-01 1.500000E-01 
-1.167832E-02 2.600379E-01 0.000000E+00 
-9.342353E-03 2.080237E-01 -7.000000E-02 
-8.174372E-03 1.820165E-01 -7.500000E-02 
-0.000000E+00 0.000000E+00 -7.500000E-02 
-0.000000E+00 0.000000E+00 1.500000E-01 
-3.494092E-02 2.579442E-01 1.500000E-01 
-3.494092E-02 2.579442E-01 0.000000E+00 
-2.795184E-02 2.063488E-01 -7.000000E-02 
-2.445730E-02 1.805510E-01 -7.500000E-02 
-0.000000E+00 0.000000E+00 -7.500000E-02 
-0.000000E+00 0.000000E+00 1.500000E-01 
-5.792220E-02 2.537737E-01 1.500000E-01 
-5.792220E-02 2.537737E-01 0.000000E+00 
-4.633628E-02 2.030125E-01 -7.000000E-02 
-4.054331E-02 1.776319E-01 -7.500000E-02 
-0.000000E+00 0.000000E+00 -7.500000E-02 
-0.000000E+00 0.000000E+00 1.500000E-01 
-8.043712E-02 2.475600E-01 1.500000E-01 
-8.043712E-02 2.475600E-01 0.000000E+00 
-6.434764E-02 1.980417E-01 -7.000000E-02 
-5.630290E-02 1.732825E-01 -7.500000E-02 
-0.000000E+00 0.000000E+00 -7.500000E-02 
-0.000000E+00 0.000000E+00 1.500000E-01 
-1.023044E-01 2.393531E-01 1.500000E-01 
-1.023044E-01 2.393531E-01 0.000000E+00 
-8.184091E-02 1.914763E-01 -7.000000E-02 
-7.160916E-02 1.675380E-01 -7.500000E-02 
-0.000000E+00 0.000000E+00 -7.500000E-02 
-0.000000E+00 0.000000E+00 1.500000E-01 
-1.233480E-01 2.292190E-01 1.500000E-01 
-1.233480E-01 2.292190E-01 0.000000E+00 
-9.867525E-02 1.833693E-01 -7.000000E-02 
-8.633887E-02 1.604445E-01 -7.500000E-02 
-0.000000E+00 0.000000E+00 -7.500000E-02 
-0.000000E+00 0.000000E+00 1.500000E-01 
-1.433985E-01 2.172394E-01 1.500000E-01 
-1.433985E-01 2.172394E-01 0.000000E+00 
-1.147151E-01 1.737860E-01 -7.000000E-02 
-1.003734E-01 1.520592E-01 -7.500000E-02 
-0.000000E+00 0.000000E+00 -7.500000E-02 
-0.000000E+00 0.000000E+00 1.500000E-01 
-1.622944E-01 2.035107E-01 1.500000E-01 
-1.622944E-01 2.035107E-01 0.000000E+00 
-1.298314E-01 1.628034E-01 -7.000000E-02 
-1.135998E-01 1.424497E-01 -7.500000E-02 
-0.000000E+00 0.000000E+00 -7.500000E-02 
-0.000000E+00 0.000000E+00 1.500000E-01 
-1.798836E-01 1.881435E-01 1.500000E-01 
-1.798836E-01 1.881435E-01 0.000000E+00 
-1.439023E-01 1.505100E-01 -7.000000E-02 
-1.259116E-01 1.316932E-01 -7.500000E-02 
-0.000000E+00 0.000000E+00 -7.500000E-02 
-0.000000E+00 0.000000E+00 1.500000E-01 
-1.960245E-01 1.712615E-01 1.500000E-01 
-1.960245E-01 1.712615E-01 0.000000E+00 
-1.568146E-01 1.370048E-01 -7.000000E-02 
-1.372096E-01 1.198764E-01 -7.500000E-02 
-0.000000E+00 0.000000E+00 -7.500000E-02 
-0.000000E+00 0.000000E+00 1.500000E-01 
-2.105871E-01 1.530005E-01 1.500000E-01 
-2.105871E-01 1.530005E-01 0.000000E+00 
-1.684643E-01 1.223965E-01 -7.000000E-02 
-1.474029E-01 1.070945E-01 -7.500000E-02 
-0.000000E+00 0.000000E+00 -7.500000E-02 
-0.000000E+00 0.000000E+00 1.500000E-01 
-2.234542E-01 1.335077E-01 1.500000E-01 
-2.234542E-01 1.335077E-01 0.000000E+00 
-1.787577E-01 1.068027E-01 -7.000000E-02 
-1.564094E-01 9.345025E-02 -7.500000E-02 
-0.000000E+00 0.000000E+00 -7.500000E-02 
-0.000000E+00 0.000000E+00 1.500000E-01 
-2.345222E-01 1.129399E-01 1.500000E-01 
-2.345222E-01 1.129399E-01 0.000000E+00 
-1.876118E-01 9.034906E-02 -7.000000E-02 
-1.641565E-01 7.905362E-02 -7.500000E-02 
-0.000000E+00 0.000000E+00 -7.500000E-02 
-0.000000E+00 0.000000E+00 1.500000E-01 
-2.437019E-01 9.146287E-02 1.500000E-01 
-2.437019E-01 9.146287E-02 0.000000E+00 
-1.949553E-01 7.316795E-02 -7.000000E-02 
-1.705820E-01 6.402049E-02 -7.500000E-02 
-0.000000E+00 0.000000E+00 -7.500000E-02 
-0.000000E+00 0.000000E+00 1.500000E-01 
-2.509195E-01 6.924939E-02 1.500000E-01 
-2.509195E-01 6.924939E-02 0.000000E+00 
-2.007292E-01 5.539774E-02 -7.000000E-02 
-1.756340E-01 4.847191E-02 -7.500000E-02 
-0.000000E+00 0.000000E+00 -7.500000E-02 
-0.000000E+00 0.000000E+00 1.500000E-01 
-2.561169E-01 4.647836E-02 1.500000E-01 
-2.561169E-01 4.647836E-02 0.000000E+00 
-2.048869E-01 3.718150E-02 -7.000000E-02 
-1.792720E-01 3.253307E-02 -7.500000E-02 
-0.000000E+00 0.000000E+00 -7.500000E-02 
-0.000000E+00 0.000000E+00 1.500000E-01 
-2.592521E-01 2.333311E-02 1.500000E-01 
-2.592521E-01 2.333311E-02 0.000000E+00 
-2.073950E-01 1.866589E-02 -7.000000E-02 
-1.814665E-01 1.633228E-02 -7.500000E-02 
-0.000000E+00 0.000000E+00 -7.500000E-02 
-0.000000E+00 0.000000E+00 1.500000E-01 
-2.603000E-01 3.187756E-17 1.500000E-01 
-2.603000E-01 3.187756E-17 0.000000E+00 
-2.082333E-01 2.550123E-17 -7.000000E-02 
-1.822000E-01 2.231306E-17 -7.500000E-02 
-0.000000E+00 0.000000E+00 -7.500000E-02 
1 2 8 7 
7 8 14 13 
13 14 20 19 
19 20 26 25 
25 26 32 31 
31 32 38 37 
37 38 44 43 
43 44 50 49 
49 50 56 55 
55 56 62 61 
61 62 68 67 
67 68 74 73 
73 74 80 79 
79 80 86 85 
85 86 92 91 
91 92 98 97 
97 98 104 103 
103 104 110 109 
109 110 116 115 
115 116 122 121 
121 122 128 127 
127 128 134 133 
133 134 140 139 
139 140 146 145 
145 146 152 151 
151 152 158 157 
157 158 164 163 
163 164 170 169 
169 170 176 175 
175 176 182 181 
181 182 188 187 
187 188 194 193 
193 194 200 199 
199 200 206 205 
205 206 212 211 
2 3 9 8 
8 9 15 14 
14 15 21 20 
20 21 27 26 
26 27 33 32 
32 33 39 38 
38 39 45 44 
44 45 51 50 
50 51 57 56 
56 57 63 62 
62 63 69 68 
68 69 75 74 
74 75 81 80 
80 81 87 86 
86 87 93 92 
92 93 99 98 
98 99 105 104 
104 105 111 110 
110 111 117 116 
116 117 123 122 
122 123 129 128 
128 129 135 134 
134 135 141 140 
140 141 147 146 
146 147 153 152 
152 153 159 158 
158 159 165 164 
164 165 171 170 
170 171 177 176 
176 177 183 182 
182 183 189 188 
188 189 195 194 
194 195 201 200 
200 201 207 206 
206 207 213 212 
3 4 10 9 
9 10 16 15 
15 16 22 21 
21 22 28 27 
27 28 34 33 
33 34 40 39 
39 40 46 45 
45 46 52 51 
51 52 58 57 
57 58 64 63 
63 64 70 69 
69 70 76 75 
75 76 82 81 
81 82 88 87 
87 88 94 93 
93 94 100 99 
99 100 106 105 
105 106 112 111 
111 112 118 117 
117 118 124 123 
123 124 130 129 
129 130 136 135 
135 136 142 141 
141 142 148 147 
147 148 154 153 
153 154 160 159 
159 160 166 165 
165 166 172 171 
171 172 178 177 
177 178 184 183 
183 184 190 189 
189 190 196 195 
195 196 202 201 
201 202 208 207 
207 208 214 213 
4 5 11 10 
10 11 17 16 
16 17 23 22 
22 23 29 28 
28 29 35 34 
34 35 41 40 
40 41 47 46 
46 47 53 52 
52 53 59 58 
58 59 65 64 
64 65 71 70 
70 71 77 76 
76 77 83 82 
82 83 89 88 
88 89 95 94 
94 95 101 100 
100 101 107 106 
106 107 113 112 
112 113 119 118 
118 119 125 124 
124 125 131 130 
130 131 137 136 
136 137 143 142 
142 143 149 148 
148 149 155 154 
154 155 161 160 
160 161 167 166 
166 167 173 172 
172 173 179 178 
178 179 185 184 
184 185 191 190 
190 191 197 196 
196 197 203 202 
202 203 209 208 
208 209 215 214 
5 6 12 11 
11 12 18 17 
17 18 24 23 
23 24 30 29 
29 30 36 35 
35 36 42 41 
41 42 48 47 
47 48 54 53 
53 54 60 59 
59 60 66 65 
65 66 72 71 
71 72 78 77 
77 78 84 83 
83 84 90 89 
89 90 96 95 
95 96 102 101 
101 102 108 107 
107 108 114 113 
113 114 120 119 
119 120 126 125 
125 126 132 131 
131 132 138 137 
137 138 144 143 
143 144 150 149 
149 150 156 155 
155 156 162 161 
161 162 168 167 
167 168 174 173 
173 174 180 179 
179 180 186 185 
185 186 192 191 
191 192 198 197 
197 198 204 203 
203 204 210 209 
209 210 216 215 
