           6
 -3.3686278E-04 -3.5728168E-04 -3.7770075E-04 -3.9811985E-04 -3.3415027E-04
 -3.5440471E-04 -3.7465923E-04 -3.9491459E-04 -3.2874802E-04 -3.4867608E-04
 -3.6860345E-04 -3.8852979E-04 -3.2069799E-04 -3.4013696E-04 -3.5957602E-04
 -3.7901592E-04 -3.1006770E-04 -3.2886173E-04 -3.4765672E-04 -3.6645081E-04
 -2.9693835E-04 -3.1493788E-04 -3.3293662E-04 -3.5093623E-04 -2.8142010E-04
 -2.9847817E-04 -3.1553730E-04 -3.3259552E-04 -2.6363571E-04 -2.7961578E-04
 -2.9559591E-04 -3.1157699E-04 -2.4372783E-04 -2.5850211E-04 -2.7327571E-04
 -2.8804835E-04 -2.2185805E-04 -2.3530594E-04 -2.4875454E-04 -2.6220235E-04
 -1.9820241E-04 -2.1021607E-04 -2.2222988E-04 -2.3424451E-04 -1.7294982E-04
 -1.8343325E-04 -1.9391756E-04 -2.0440183E-04 -1.4630704E-04 -1.5517593E-04
 -1.6404409E-04 -1.7291223E-04 -1.1848557E-04 -1.2566743E-04 -1.3284854E-04
 -1.4002962E-04 -8.9707617E-05 -9.5144904E-05 -1.0058301E-04 -1.0602112E-04
 -6.0210572E-05 -6.3860163E-05 -6.7509012E-05 -7.1158611E-05 -3.0226809E-05
 -3.2059103E-05 -3.3891280E-05 -3.5723577E-05  0.0000000E+00  0.0000000E+00
  0.0000000E+00  0.0000000E+00  3.0226802E-05  3.2059095E-05  3.3891280E-05
  3.5723580E-05  6.0210572E-05  6.3860156E-05  6.7509012E-05  7.1158618E-05
  8.9707602E-05  9.5144896E-05  1.0058303E-04  1.0602113E-04  1.1848556E-04
  1.2566743E-04  1.3284854E-04  1.4002962E-04  1.4630702E-04  1.5517592E-04
  1.6404409E-04  1.7291220E-04  1.7294982E-04  1.8343325E-04  1.9391754E-04
  2.0440183E-04  1.9820241E-04  2.1021607E-04  2.2222992E-04  2.3424451E-04
  2.2185806E-04  2.3530594E-04  2.4875454E-04  2.6220235E-04  2.4372785E-04
  2.5850211E-04  2.7327571E-04  2.8804835E-04  2.6363571E-04  2.7961578E-04
  2.9559591E-04  3.1157699E-04  2.8142010E-04  2.9847817E-04  3.1553730E-04
  3.3259552E-04  2.9693835E-04  3.1493790E-04  3.3293659E-04  3.5093623E-04
  3.1006767E-04  3.2886173E-04  3.4765672E-04  3.6645087E-04  3.2069799E-04
  3.4013696E-04  3.5957599E-04  3.7901590E-04  3.2874802E-04  3.4867608E-04
  3.6860339E-04  3.8852979E-04  3.3415030E-04  3.5440471E-04  3.7465926E-04
  3.9491459E-04  3.3686281E-04  3.5728168E-04  3.7770075E-04  3.9811982E-04
 -4.2289332E-05 -4.5206212E-05 -4.1948839E-05 -4.4842207E-05 -4.1270461E-05
 -4.4117085E-05 -4.0260082E-05 -4.3036955E-05 -3.8925325E-05 -4.1610336E-05
 -3.7277317E-05 -3.9848459E-05 -3.5329187E-05 -3.7765960E-05 -3.3096330E-05
 -3.5379213E-05 -3.0597304E-05 -3.2707718E-05 -2.7851816E-05 -2.9772847E-05
 -2.4882047E-05 -2.6598362E-05 -2.1712041E-05 -2.3209468E-05 -1.8367284E-05
 -1.9634106E-05 -1.4874296E-05 -1.5900383E-05 -1.1261894E-05 -1.2038599E-05
 -7.5585185E-06 -8.0799982E-06 -3.7946245E-06 -4.0563536E-06  0.0000000E+00
  0.0000000E+00  3.7946256E-06  4.0563527E-06  7.5585167E-06  8.0799982E-06
  1.1261893E-05  1.2038600E-05  1.4874296E-05  1.5900383E-05  1.8367284E-05
  1.9634106E-05  2.1712043E-05  2.3209468E-05  2.4882047E-05  2.6598362E-05
  2.7851816E-05  2.9772847E-05  3.0597304E-05  3.2707721E-05  3.3096327E-05
  3.5379213E-05  3.5329191E-05  3.7765960E-05  3.7277317E-05  3.9848463E-05
  3.8925329E-05  4.1610336E-05  4.0260082E-05  4.3036955E-05  4.1270461E-05
  4.4117081E-05  4.1948835E-05  4.4842207E-05  4.2289335E-05  4.5206209E-05
  0.0000000E+00  0.0000000E+00  0.0000000E+00  0.0000000E+00  0.0000000E+00
  0.0000000E+00  0.0000000E+00  0.0000000E+00  0.0000000E+00  0.0000000E+00
  0.0000000E+00  0.0000000E+00  0.0000000E+00  0.0000000E+00  0.0000000E+00
  0.0000000E+00  0.0000000E+00  0.0000000E+00  0.0000000E+00  0.0000000E+00
  0.0000000E+00  0.0000000E+00  0.0000000E+00  0.0000000E+00  0.0000000E+00
  0.0000000E+00  0.0000000E+00  0.0000000E+00  0.0000000E+00  0.0000000E+00
  0.0000000E+00  0.0000000E+00  0.0000000E+00  0.0000000E+00  0.0000000E+00
  0.0000000E+00  0.0000000E+00  0.0000000E+00  0.0000000E+00  0.0000000E+00
  0.0000000E+00  0.0000000E+00  0.0000000E+00  0.0000000E+00  0.0000000E+00
  0.0000000E+00  0.0000000E+00  0.0000000E+00  0.0000000E+00  0.0000000E+00
  0.0000000E+00  0.0000000E+00  0.0000000E+00  0.0000000E+00  0.0000000E+00
  0.0000000E+00  0.0000000E+00  0.0000000E+00  0.0000000E+00  0.0000000E+00
  0.0000000E+00  0.0000000E+00  0.0000000E+00  0.0000000E+00  0.0000000E+00
  0.0000000E+00  0.0000000E+00  0.0000000E+00  0.0000000E+00  0.0000000E+00
  0.0000000E+00  0.0000000E+00  0.0000000E+00  0.0000000E+00  0.0000000E+00
  0.0000000E+00  0.0000000E+00  0.0000000E+00  0.0000000E+00  0.0000000E+00
  0.0000000E+00  0.0000000E+00  0.0000000E+00  0.0000000E+00  0.0000000E+00
  0.0000000E+00  0.0000000E+00  0.0000000E+00  0.0000000E+00  0.0000000E+00
  0.0000000E+00  0.0000000E+00  0.0000000E+00  0.0000000E+00  0.0000000E+00
  0.0000000E+00  0.0000000E+00  0.0000000E+00  0.0000000E+00  0.0000000E+00
  0.0000000E+00  0.0000000E+00  0.0000000E+00  0.0000000E+00  0.0000000E+00
  0.0000000E+00  0.0000000E+00  0.0000000E+00  0.0000000E+00  0.0000000E+00
  0.0000000E+00  0.0000000E+00  0.0000000E+00  0.0000000E+00  0.0000000E+00
  0.0000000E+00  0.0000000E+00  0.0000000E+00  0.0000000E+00  0.0000000E+00
  0.0000000E+00  0.0000000E+00  0.0000000E+00  0.0000000E+00  0.0000000E+00
  0.0000000E+00  0.0000000E+00  0.0000000E+00  0.0000000E+00  0.0000000E+00
  0.0000000E+00  0.0000000E+00  0.0000000E+00  0.0000000E+00  0.0000000E+00
  0.0000000E+00  0.0000000E+00  0.0000000E+00  0.0000000E+00  0.0000000E+00
  0.0000000E+00  0.0000000E+00  0.0000000E+00  0.0000000E+00  0.0000000E+00
  0.0000000E+00  0.0000000E+00  0.0000000E+00  0.0000000E+00  0.0000000E+00
  0.0000000E+00  0.0000000E+00  0.0000000E+00  0.0000000E+00  0.0000000E+00
  0.0000000E+00  0.0000000E+00  0.0000000E+00  0.0000000E+00  0.0000000E+00
  0.0000000E+00  0.0000000E+00  0.0000000E+00  0.0000000E+00  0.0000000E+00
  0.0000000E+00  0.0000000E+00  0.0000000E+00  0.0000000E+00  0.0000000E+00
  0.0000000E+00  0.0000000E+00  0.0000000E+00  0.0000000E+00  0.0000000E+00
  0.0000000E+00  0.0000000E+00  0.0000000E+00  0.0000000E+00  0.0000000E+00
  0.0000000E+00  0.0000000E+00  0.0000000E+00  0.0000000E+00  0.0000000E+00
  0.0000000E+00  0.0000000E+00  0.0000000E+00  0.0000000E+00  0.0000000E+00
  0.0000000E+00  0.0000000E+00  0.0000000E+00  0.0000000E+00  0.0000000E+00
  0.0000000E+00  0.0000000E+00  0.0000000E+00  0.0000000E+00  0.0000000E+00
  0.0000000E+00  0.0000000E+00  0.0000000E+00  0.0000000E+00  0.0000000E+00
  0.0000000E+00  0.0000000E+00  0.0000000E+00  0.0000000E+00  0.0000000E+00
  0.0000000E+00  0.0000000E+00  0.0000000E+00  0.0000000E+00  0.0000000E+00
  0.0000000E+00  0.0000000E+00  0.0000000E+00  0.0000000E+00  0.0000000E+00
  0.0000000E+00  0.0000000E+00  0.0000000E+00  0.0000000E+00  0.0000000E+00
  0.0000000E+00  0.0000000E+00  0.0000000E+00  0.0000000E+00  0.0000000E+00
  0.0000000E+00  0.0000000E+00  0.0000000E+00  0.0000000E+00  0.0000000E+00
  0.0000000E+00  0.0000000E+00  0.0000000E+00  0.0000000E+00  0.0000000E+00
  0.0000000E+00  0.0000000E+00  0.0000000E+00  0.0000000E+00  0.0000000E+00
 -3.3686278E-04 -3.5728168E-04 -3.7770075E-04 -3.9811985E-04 -3.3415027E-04
 -3.5440471E-04 -3.7465923E-04 -3.9491459E-04 -3.2874802E-04 -3.4867608E-04
 -3.6860345E-04 -3.8852979E-04 -3.2069799E-04 -3.4013696E-04 -3.5957602E-04
 -3.7901592E-04 -3.1006770E-04 -3.2886173E-04 -3.4765672E-04 -3.6645081E-04
 -2.9693835E-04 -3.1493788E-04 -3.3293662E-04 -3.5093623E-04 -2.8142010E-04
 -2.9847817E-04 -3.1553730E-04 -3.3259552E-04 -2.6363571E-04 -2.7961578E-04
 -2.9559591E-04 -3.1157699E-04 -2.4372783E-04 -2.5850211E-04 -2.7327571E-04
 -2.8804835E-04 -2.2185805E-04 -2.3530594E-04 -2.4875454E-04 -2.6220235E-04
 -1.9820241E-04 -2.1021607E-04 -2.2222988E-04 -2.3424451E-04 -1.7294982E-04
 -1.8343325E-04 -1.9391756E-04 -2.0440183E-04 -1.4630704E-04 -1.5517593E-04
 -1.6404409E-04 -1.7291223E-04 -1.1848557E-04 -1.2566743E-04 -1.3284854E-04
 -1.4002962E-04 -8.9707617E-05 -9.5144904E-05 -1.0058301E-04 -1.0602112E-04
 -6.0210572E-05 -6.3860163E-05 -6.7509012E-05 -7.1158611E-05 -3.0226809E-05
 -3.2059103E-05 -3.3891280E-05 -3.5723577E-05  0.0000000E+00  0.0000000E+00
  0.0000000E+00  0.0000000E+00  3.0226802E-05  3.2059095E-05  3.3891280E-05
  3.5723580E-05  6.0210572E-05  6.3860156E-05  6.7509012E-05  7.1158618E-05
  8.9707602E-05  9.5144896E-05  1.0058303E-04  1.0602113E-04  1.1848556E-04
  1.2566743E-04  1.3284854E-04  1.4002962E-04  1.4630702E-04  1.5517592E-04
  1.6404409E-04  1.7291220E-04  1.7294982E-04  1.8343325E-04  1.9391754E-04
  2.0440183E-04  1.9820241E-04  2.1021607E-04  2.2222992E-04  2.3424451E-04
  2.2185806E-04  2.3530594E-04  2.4875454E-04  2.6220235E-04  2.4372785E-04
  2.5850211E-04  2.7327571E-04  2.8804835E-04  2.6363571E-04  2.7961578E-04
  2.9559591E-04  3.1157699E-04  2.8142010E-04  2.9847817E-04  3.1553730E-04
  3.3259552E-04  2.9693835E-04  3.1493790E-04  3.3293659E-04  3.5093623E-04
  3.1006767E-04  3.2886173E-04  3.4765672E-04  3.6645087E-04  3.2069799E-04
  3.4013696E-04  3.5957599E-04  3.7901590E-04  3.2874802E-04  3.4867608E-04
  3.6860339E-04  3.8852979E-04  3.3415030E-04  3.5440471E-04  3.7465926E-04
  3.9491459E-04  3.3686281E-04  3.5728168E-04  3.7770075E-04  3.9811982E-04
 -4.2289332E-05 -4.5206212E-05 -4.1948839E-05 -4.4842207E-05 -4.1270461E-05
 -4.4117085E-05 -4.0260082E-05 -4.3036955E-05 -3.8925325E-05 -4.1610336E-05
 -3.7277317E-05 -3.9848459E-05 -3.5329187E-05 -3.7765960E-05 -3.3096330E-05
 -3.5379213E-05 -3.0597304E-05 -3.2707718E-05 -2.7851816E-05 -2.9772847E-05
 -2.4882047E-05 -2.6598362E-05 -2.1712041E-05 -2.3209468E-05 -1.8367284E-05
 -1.9634106E-05 -1.4874296E-05 -1.5900383E-05 -1.1261894E-05 -1.2038599E-05
 -7.5585185E-06 -8.0799982E-06 -3.7946245E-06 -4.0563536E-06  0.0000000E+00
  0.0000000E+00  3.7946256E-06  4.0563527E-06  7.5585167E-06  8.0799982E-06
  1.1261893E-05  1.2038600E-05  1.4874296E-05  1.5900383E-05  1.8367284E-05
  1.9634106E-05  2.1712043E-05  2.3209468E-05  2.4882047E-05  2.6598362E-05
  2.7851816E-05  2.9772847E-05  3.0597304E-05  3.2707721E-05  3.3096327E-05
  3.5379213E-05  3.5329191E-05  3.7765960E-05  3.7277317E-05  3.9848463E-05
  3.8925329E-05  4.1610336E-05  4.0260082E-05  4.3036955E-05  4.1270461E-05
  4.4117081E-05  4.1948835E-05  4.4842207E-05  4.2289335E-05  4.5206209E-05
  0.0000000E+00  0.0000000E+00  0.0000000E+00  0.0000000E+00  0.0000000E+00
  0.0000000E+00  0.0000000E+00  0.0000000E+00  0.0000000E+00  0.0000000E+00
  0.0000000E+00  0.0000000E+00  0.0000000E+00  0.0000000E+00  0.0000000E+00
  0.0000000E+00  0.0000000E+00  0.0000000E+00  0.0000000E+00  0.0000000E+00
  0.0000000E+00  0.0000000E+00  0.0000000E+00  0.0000000E+00  0.0000000E+00
  0.0000000E+00  0.0000000E+00  0.0000000E+00  0.0000000E+00  0.0000000E+00
  0.0000000E+00  0.0000000E+00  0.0000000E+00  0.0000000E+00  0.0000000E+00
  0.0000000E+00  0.0000000E+00  0.0000000E+00  0.0000000E+00  0.0000000E+00
  0.0000000E+00  0.0000000E+00  0.0000000E+00  0.0000000E+00  0.0000000E+00
  0.0000000E+00  0.0000000E+00  0.0000000E+00  0.0000000E+00  0.0000000E+00
  0.0000000E+00  0.0000000E+00  0.0000000E+00  0.0000000E+00  0.0000000E+00
  0.0000000E+00  0.0000000E+00  0.0000000E+00  0.0000000E+00  0.0000000E+00
  0.0000000E+00  0.0000000E+00  0.0000000E+00  0.0000000E+00  0.0000000E+00
  0.0000000E+00  0.0000000E+00  0.0000000E+00  0.0000000E+00  0.0000000E+00
  0.0000000E+00  0.0000000E+00  0.0000000E+00  0.0000000E+00  0.0000000E+00
  0.0000000E+00  0.0000000E+00  0.0000000E+00  0.0000000E+00  0.0000000E+00
  0.0000000E+00  0.0000000E+00  0.0000000E+00  0.0000000E+00  0.0000000E+00
  0.0000000E+00  0.0000000E+00  0.0000000E+00  0.0000000E+00  0.0000000E+00
  0.0000000E+00  0.0000000E+00  0.0000000E+00  0.0000000E+00  0.0000000E+00
  0.0000000E+00  0.0000000E+00  0.0000000E+00  0.0000000E+00  0.0000000E+00
  0.0000000E+00  0.0000000E+00  0.0000000E+00  0.0000000E+00  0.0000000E+00
  0.0000000E+00  0.0000000E+00  0.0000000E+00  0.0000000E+00  0.0000000E+00
  0.0000000E+00  0.0000000E+00  0.0000000E+00  0.0000000E+00  0.0000000E+00
  0.0000000E+00  0.0000000E+00  0.0000000E+00  0.0000000E+00  0.0000000E+00
  0.0000000E+00  0.0000000E+00  0.0000000E+00  0.0000000E+00  0.0000000E+00
  0.0000000E+00  0.0000000E+00  0.0000000E+00  0.0000000E+00  0.0000000E+00
  0.0000000E+00  0.0000000E+00  0.0000000E+00  0.0000000E+00  0.0000000E+00
  0.0000000E+00  0.0000000E+00  0.0000000E+00  0.0000000E+00  0.0000000E+00
  0.0000000E+00  0.0000000E+00  0.0000000E+00  0.0000000E+00  0.0000000E+00
  0.0000000E+00  0.0000000E+00  0.0000000E+00  0.0000000E+00  0.0000000E+00
  0.0000000E+00  0.0000000E+00  0.0000000E+00  0.0000000E+00  0.0000000E+00
  0.0000000E+00  0.0000000E+00  0.0000000E+00  0.0000000E+00  0.0000000E+00
  0.0000000E+00  0.0000000E+00  0.0000000E+00  0.0000000E+00  0.0000000E+00
  0.0000000E+00  0.0000000E+00  0.0000000E+00  0.0000000E+00  0.0000000E+00
  0.0000000E+00  0.0000000E+00  0.0000000E+00  0.0000000E+00  0.0000000E+00
  0.0000000E+00  0.0000000E+00  0.0000000E+00  0.0000000E+00  0.0000000E+00
  0.0000000E+00  0.0000000E+00  0.0000000E+00  0.0000000E+00  0.0000000E+00
  0.0000000E+00  0.0000000E+00  0.0000000E+00  0.0000000E+00  0.0000000E+00
  0.0000000E+00  0.0000000E+00  0.0000000E+00  0.0000000E+00  0.0000000E+00
  0.0000000E+00  0.0000000E+00  0.0000000E+00  0.0000000E+00  0.0000000E+00
  0.0000000E+00  0.0000000E+00  0.0000000E+00  0.0000000E+00  0.0000000E+00
  0.0000000E+00  0.0000000E+00  0.0000000E+00  0.0000000E+00  0.0000000E+00
  0.0000000E+00  0.0000000E+00  0.0000000E+00  0.0000000E+00  0.0000000E+00
  0.0000000E+00  0.0000000E+00  0.0000000E+00  0.0000000E+00  0.0000000E+00
  0.0000000E+00  0.0000000E+00  0.0000000E+00  0.0000000E+00  0.0000000E+00
  0.0000000E+00  0.0000000E+00  0.0000000E+00  0.0000000E+00  0.0000000E+00
  0.0000000E+00  0.0000000E+00  0.0000000E+00  0.0000000E+00  0.0000000E+00
  0.0000000E+00  0.0000000E+00  0.0000000E+00  0.0000000E+00  0.0000000E+00
  0.0000000E+00  0.0000000E+00  0.0000000E+00  0.0000000E+00  0.0000000E+00
 -1.5128719E-05 -1.6046628E-05 -1.6963635E-05 -1.7879845E-05 -4.5263732E-05
 -4.8006768E-05 -5.0749939E-05 -5.3494034E-05 -7.5033800E-05 -7.9582140E-05
 -8.4131287E-05 -8.8680419E-05 -1.0420123E-04 -1.1051785E-04 -1.1683345E-04
 -1.2314905E-04 -1.3252831E-04 -1.4056158E-04 -1.4859502E-04 -1.5662856E-04
 -1.5979004E-04 -1.6947537E-04 -1.7916082E-04 -1.8884687E-04 -1.8576421E-04
 -1.9702461E-04 -2.0828494E-04 -2.1954451E-04 -2.1024152E-04 -2.2298493E-04
 -2.3572934E-04 -2.4847369E-04 -2.3302830E-04 -2.4715340E-04 -2.6127766E-04
 -2.7540280E-04 -2.5393633E-04 -2.6932929E-04 -2.8472321E-04 -3.0011532E-04
 -2.7280406E-04 -2.8933969E-04 -3.0587474E-04 -3.2241057E-04 -2.8947013E-04
 -3.0701733E-04 -3.2456362E-04 -3.4211003E-04 -3.0380880E-04 -3.2222309E-04
 -3.4063926E-04 -3.5905538E-04 -3.1570089E-04 -3.3483715E-04 -3.5397348E-04
 -3.7310965E-04 -3.2504945E-04 -3.4475341E-04 -3.6445668E-04 -3.8415912E-04
 -3.3178431E-04 -3.5189433E-04 -3.7200452E-04 -3.9211632E-04 -3.3584426E-04
 -3.5620286E-04 -3.7656061E-04 -3.9691743E-04 -3.3720228E-04 -3.5764047E-04
 -3.7808053E-04 -3.9852050E-04 -3.3584429E-04 -3.5620286E-04 -3.7656064E-04
 -3.9691746E-04 -3.3178428E-04 -3.5189433E-04 -3.7200452E-04 -3.9211637E-04
 -3.2504945E-04 -3.4475341E-04 -3.6445668E-04 -3.8415912E-04 -3.1570089E-04
 -3.3483712E-04 -3.5397348E-04 -3.7310965E-04 -3.0380880E-04 -3.2222309E-04
 -3.4063926E-04 -3.5905532E-04 -2.8947013E-04 -3.0701733E-04 -3.2456362E-04
 -3.4211003E-04 -2.7280406E-04 -2.8933969E-04 -3.0587477E-04 -3.2241057E-04
 -2.5393636E-04 -2.6932929E-04 -2.8472321E-04 -3.0011532E-04 -2.3302832E-04
 -2.4715340E-04 -2.6127766E-04 -2.7540280E-04 -2.1024153E-04 -2.2298496E-04
 -2.3572934E-04 -2.4847372E-04 -1.8576421E-04 -1.9702462E-04 -2.0828492E-04
 -2.1954451E-04 -1.5979004E-04 -1.6947539E-04 -1.7916082E-04 -1.8884687E-04
 -1.3252831E-04 -1.4056158E-04 -1.4859502E-04 -1.5662856E-04 -1.0420124E-04
 -1.1051785E-04 -1.1683344E-04 -1.2314905E-04 -7.5033808E-05 -7.9582140E-05
 -8.4131287E-05 -8.8680419E-05 -4.5263740E-05 -4.8006768E-05 -5.0749939E-05
 -5.3494034E-05 -1.5128718E-05 -1.6046622E-05 -1.6963628E-05 -1.7879845E-05
 -1.8992503E-06 -2.0302446E-06 -5.6822714E-06 -6.0742477E-06 -9.4199004E-06
 -1.0069487E-05 -1.3081272E-05 -1.3983608E-05 -1.6637405E-05 -1.7784854E-05
 -2.0059666E-05 -2.1443362E-05 -2.3320679E-05 -2.4929230E-05 -2.6393551E-05
 -2.8213963E-05 -2.9254055E-05 -3.1271848E-05 -3.1878939E-05 -3.4077719E-05
 -3.4247183E-05 -3.6609461E-05 -3.6339705E-05 -3.8846207E-05 -3.8139835E-05
 -4.0770592E-05 -3.9632578E-05 -4.2366217E-05 -4.0806455E-05 -4.3620959E-05
 -4.1651583E-05 -4.4524582E-05 -4.2161460E-05 -4.5069457E-05 -4.2332082E-05
 -4.5251956E-05 -4.2161460E-05 -4.5069457E-05 -4.1651583E-05 -4.4524586E-05
 -4.0806455E-05 -4.3620963E-05 -3.9632581E-05 -4.2366213E-05 -3.8139835E-05
 -4.0770592E-05 -3.6339705E-05 -3.8846207E-05 -3.4247183E-05 -3.6609461E-05
 -3.1878939E-05 -3.4077719E-05 -2.9254057E-05 -3.1271848E-05 -2.6393547E-05
 -2.8213963E-05 -2.3320681E-05 -2.4929228E-05 -2.0059666E-05 -2.1443366E-05
 -1.6637405E-05 -1.7784854E-05 -1.3081271E-05 -1.3983609E-05 -9.4198995E-06
 -1.0069487E-05 -5.6822710E-06 -6.0742464E-06 -1.8992504E-06 -2.0302452E-06
  0.0000000E+00  0.0000000E+00  0.0000000E+00  0.0000000E+00  0.0000000E+00
  0.0000000E+00  0.0000000E+00  0.0000000E+00  0.0000000E+00  0.0000000E+00
  0.0000000E+00  0.0000000E+00  0.0000000E+00  0.0000000E+00  0.0000000E+00
  0.0000000E+00  0.0000000E+00  0.0000000E+00  0.0000000E+00  0.0000000E+00
  0.0000000E+00  0.0000000E+00  0.0000000E+00  0.0000000E+00  0.0000000E+00
  0.0000000E+00  0.0000000E+00  0.0000000E+00  0.0000000E+00  0.0000000E+00
  0.0000000E+00  0.0000000E+00  0.0000000E+00  0.0000000E+00  0.0000000E+00
  0.0000000E+00  0.0000000E+00  0.0000000E+00  0.0000000E+00  0.0000000E+00
  0.0000000E+00  0.0000000E+00  0.0000000E+00  0.0000000E+00  0.0000000E+00
  0.0000000E+00  0.0000000E+00  0.0000000E+00  0.0000000E+00  0.0000000E+00
  0.0000000E+00  0.0000000E+00  0.0000000E+00  0.0000000E+00  0.0000000E+00
  0.0000000E+00  0.0000000E+00  0.0000000E+00  0.0000000E+00  0.0000000E+00
  0.0000000E+00  0.0000000E+00  0.0000000E+00  0.0000000E+00  0.0000000E+00
  0.0000000E+00  0.0000000E+00  0.0000000E+00  0.0000000E+00  0.0000000E+00
  0.0000000E+00  0.0000000E+00  0.0000000E+00  0.0000000E+00  0.0000000E+00
  0.0000000E+00  0.0000000E+00  0.0000000E+00  0.0000000E+00  0.0000000E+00
  0.0000000E+00  0.0000000E+00  0.0000000E+00  0.0000000E+00  0.0000000E+00
  0.0000000E+00  0.0000000E+00  0.0000000E+00  0.0000000E+00  0.0000000E+00
  0.0000000E+00  0.0000000E+00  0.0000000E+00  0.0000000E+00  0.0000000E+00
  0.0000000E+00  0.0000000E+00  0.0000000E+00  0.0000000E+00  0.0000000E+00
  0.0000000E+00  0.0000000E+00  0.0000000E+00  0.0000000E+00  0.0000000E+00
  0.0000000E+00  0.0000000E+00  0.0000000E+00  0.0000000E+00  0.0000000E+00
  0.0000000E+00  0.0000000E+00  0.0000000E+00  0.0000000E+00  0.0000000E+00
  0.0000000E+00  0.0000000E+00  0.0000000E+00  0.0000000E+00  0.0000000E+00
  0.0000000E+00  0.0000000E+00  0.0000000E+00  0.0000000E+00  0.0000000E+00
  0.0000000E+00  0.0000000E+00  0.0000000E+00  0.0000000E+00  0.0000000E+00
  0.0000000E+00  0.0000000E+00  0.0000000E+00  0.0000000E+00  0.0000000E+00
  0.0000000E+00  0.0000000E+00  0.0000000E+00  0.0000000E+00  0.0000000E+00
  0.0000000E+00  0.0000000E+00  0.0000000E+00  0.0000000E+00  0.0000000E+00
  0.0000000E+00  0.0000000E+00  0.0000000E+00  0.0000000E+00  0.0000000E+00
  0.0000000E+00  0.0000000E+00  0.0000000E+00  0.0000000E+00  0.0000000E+00
  0.0000000E+00  0.0000000E+00  0.0000000E+00  0.0000000E+00  0.0000000E+00
  0.0000000E+00  0.0000000E+00  0.0000000E+00  0.0000000E+00  0.0000000E+00
  0.0000000E+00  0.0000000E+00  0.0000000E+00  0.0000000E+00  0.0000000E+00
  0.0000000E+00  0.0000000E+00  0.0000000E+00  0.0000000E+00  0.0000000E+00
  0.0000000E+00  0.0000000E+00  0.0000000E+00  0.0000000E+00  0.0000000E+00
  0.0000000E+00  0.0000000E+00  0.0000000E+00  0.0000000E+00  0.0000000E+00
  0.0000000E+00  0.0000000E+00  0.0000000E+00  0.0000000E+00  0.0000000E+00
  0.0000000E+00  0.0000000E+00  0.0000000E+00  0.0000000E+00  0.0000000E+00
  0.0000000E+00  0.0000000E+00  0.0000000E+00  0.0000000E+00  0.0000000E+00
  0.0000000E+00  0.0000000E+00  0.0000000E+00  0.0000000E+00  0.0000000E+00
  0.0000000E+00  0.0000000E+00  0.0000000E+00  0.0000000E+00  0.0000000E+00
  0.0000000E+00  0.0000000E+00  0.0000000E+00  0.0000000E+00  0.0000000E+00
  0.0000000E+00  0.0000000E+00  0.0000000E+00  0.0000000E+00  0.0000000E+00
  0.0000000E+00  0.0000000E+00  0.0000000E+00  0.0000000E+00  0.0000000E+00
  0.0000000E+00  0.0000000E+00  0.0000000E+00  0.0000000E+00  0.0000000E+00
  0.0000000E+00  0.0000000E+00  0.0000000E+00  0.0000000E+00  0.0000000E+00
  0.0000000E+00  0.0000000E+00  0.0000000E+00  0.0000000E+00  0.0000000E+00
  0.0000000E+00  0.0000000E+00  0.0000000E+00  0.0000000E+00  0.0000000E+00
  1.5128719E-05  1.6046628E-05  1.6963635E-05  1.7879845E-05  4.5263732E-05
  4.8006768E-05  5.0749939E-05  5.3494034E-05  7.5033800E-05  7.9582140E-05
  8.4131287E-05  8.8680419E-05  1.0420123E-04  1.1051785E-04  1.1683345E-04
  1.2314905E-04  1.3252831E-04  1.4056158E-04  1.4859502E-04  1.5662856E-04
  1.5979004E-04  1.6947537E-04  1.7916082E-04  1.8884687E-04  1.8576421E-04
  1.9702461E-04  2.0828494E-04  2.1954451E-04  2.1024152E-04  2.2298493E-04
  2.3572934E-04  2.4847369E-04  2.3302830E-04  2.4715340E-04  2.6127766E-04
  2.7540280E-04  2.5393633E-04  2.6932929E-04  2.8472321E-04  3.0011532E-04
  2.7280406E-04  2.8933969E-04  3.0587474E-04  3.2241057E-04  2.8947013E-04
  3.0701733E-04  3.2456362E-04  3.4211003E-04  3.0380880E-04  3.2222309E-04
  3.4063926E-04  3.5905538E-04  3.1570089E-04  3.3483715E-04  3.5397348E-04
  3.7310965E-04  3.2504945E-04  3.4475341E-04  3.6445668E-04  3.8415912E-04
  3.3178431E-04  3.5189433E-04  3.7200452E-04  3.9211632E-04  3.3584426E-04
  3.5620286E-04  3.7656061E-04  3.9691743E-04  3.3720228E-04  3.5764047E-04
  3.7808053E-04  3.9852050E-04  3.3584429E-04  3.5620286E-04  3.7656064E-04
  3.9691746E-04  3.3178428E-04  3.5189433E-04  3.7200452E-04  3.9211637E-04
  3.2504945E-04  3.4475341E-04  3.6445668E-04  3.8415912E-04  3.1570089E-04
  3.3483712E-04  3.5397348E-04  3.7310965E-04  3.0380880E-04  3.2222309E-04
  3.4063926E-04  3.5905532E-04  2.8947013E-04  3.0701733E-04  3.2456362E-04
  3.4211003E-04  2.7280406E-04  2.8933969E-04  3.0587477E-04  3.2241057E-04
  2.5393636E-04  2.6932929E-04  2.8472321E-04  3.0011532E-04  2.3302832E-04
  2.4715340E-04  2.6127766E-04  2.7540280E-04  2.1024153E-04  2.2298496E-04
  2.3572934E-04  2.4847372E-04  1.8576421E-04  1.9702462E-04  2.0828492E-04
  2.1954451E-04  1.5979004E-04  1.6947539E-04  1.7916082E-04  1.8884687E-04
  1.3252831E-04  1.4056158E-04  1.4859502E-04  1.5662856E-04  1.0420124E-04
  1.1051785E-04  1.1683344E-04  1.2314905E-04  7.5033808E-05  7.9582140E-05
  8.4131287E-05  8.8680419E-05  4.5263740E-05  4.8006768E-05  5.0749939E-05
  5.3494034E-05  1.5128718E-05  1.6046622E-05  1.6963628E-05  1.7879845E-05
  1.8992503E-06  2.0302446E-06  5.6822714E-06  6.0742477E-06  9.4199004E-06
  1.0069487E-05  1.3081272E-05  1.3983608E-05  1.6637405E-05  1.7784854E-05
  2.0059666E-05  2.1443362E-05  2.3320679E-05  2.4929230E-05  2.6393551E-05
  2.8213963E-05  2.9254055E-05  3.1271848E-05  3.1878939E-05  3.4077719E-05
  3.4247183E-05  3.6609461E-05  3.6339705E-05  3.8846207E-05  3.8139835E-05
  4.0770592E-05  3.9632578E-05  4.2366217E-05  4.0806455E-05  4.3620959E-05
  4.1651583E-05  4.4524582E-05  4.2161460E-05  4.5069457E-05  4.2332082E-05
  4.5251956E-05  4.2161460E-05  4.5069457E-05  4.1651583E-05  4.4524586E-05
  4.0806455E-05  4.3620963E-05  3.9632581E-05  4.2366213E-05  3.8139835E-05
  4.0770592E-05  3.6339705E-05  3.8846207E-05  3.4247183E-05  3.6609461E-05
  3.1878939E-05  3.4077719E-05  2.9254057E-05  3.1271848E-05  2.6393547E-05
  2.8213963E-05  2.3320681E-05  2.4929228E-05  2.0059666E-05  2.1443366E-05
  1.6637405E-05  1.7784854E-05  1.3081271E-05  1.3983609E-05  9.4198995E-06
  1.0069487E-05  5.6822710E-06  6.0742464E-06  1.8992504E-06  2.0302452E-06
  0.0000000E+00  0.0000000E+00  0.0000000E+00  0.0000000E+00  0.0000000E+00
  0.0000000E+00  0.0000000E+00  0.0000000E+00  0.0000000E+00  0.0000000E+00
  0.0000000E+00  0.0000000E+00  0.0000000E+00  0.0000000E+00  0.0000000E+00
  0.0000000E+00  0.0000000E+00  0.0000000E+00  0.0000000E+00  0.0000000E+00
  0.0000000E+00  0.0000000E+00  0.0000000E+00  0.0000000E+00  0.0000000E+00
  0.0000000E+00  0.0000000E+00  0.0000000E+00  0.0000000E+00  0.0000000E+00
  0.0000000E+00  0.0000000E+00  0.0000000E+00  0.0000000E+00  0.0000000E+00
  0.0000000E+00  0.0000000E+00  0.0000000E+00  0.0000000E+00  0.0000000E+00
  0.0000000E+00  0.0000000E+00  0.0000000E+00  0.0000000E+00  0.0000000E+00
  0.0000000E+00  0.0000000E+00  0.0000000E+00  0.0000000E+00  0.0000000E+00
  0.0000000E+00  0.0000000E+00  0.0000000E+00  0.0000000E+00  0.0000000E+00
  0.0000000E+00  0.0000000E+00  0.0000000E+00  0.0000000E+00  0.0000000E+00
  0.0000000E+00  0.0000000E+00  0.0000000E+00  0.0000000E+00  0.0000000E+00
  0.0000000E+00  0.0000000E+00  0.0000000E+00  0.0000000E+00  0.0000000E+00
  0.0000000E+00  0.0000000E+00  0.0000000E+00  0.0000000E+00  0.0000000E+00
  0.0000000E+00  0.0000000E+00  0.0000000E+00  0.0000000E+00  0.0000000E+00
  0.0000000E+00  0.0000000E+00  0.0000000E+00  0.0000000E+00  0.0000000E+00
  0.0000000E+00  0.0000000E+00  0.0000000E+00  0.0000000E+00  0.0000000E+00
  0.0000000E+00  0.0000000E+00  0.0000000E+00  0.0000000E+00  0.0000000E+00
  0.0000000E+00  0.0000000E+00  0.0000000E+00  0.0000000E+00  0.0000000E+00
  0.0000000E+00  0.0000000E+00  0.0000000E+00  0.0000000E+00  0.0000000E+00
  0.0000000E+00  0.0000000E+00  0.0000000E+00  0.0000000E+00  0.0000000E+00
  0.0000000E+00  0.0000000E+00  0.0000000E+00  0.0000000E+00  0.0000000E+00
  0.0000000E+00  0.0000000E+00  0.0000000E+00  0.0000000E+00  0.0000000E+00
  0.0000000E+00  0.0000000E+00  0.0000000E+00  0.0000000E+00  0.0000000E+00
  0.0000000E+00  0.0000000E+00  0.0000000E+00  0.0000000E+00  0.0000000E+00
  0.0000000E+00  0.0000000E+00  0.0000000E+00  0.0000000E+00  0.0000000E+00
  0.0000000E+00  0.0000000E+00  0.0000000E+00  0.0000000E+00  0.0000000E+00
  0.0000000E+00  0.0000000E+00  0.0000000E+00  0.0000000E+00  0.0000000E+00
  0.0000000E+00  0.0000000E+00  0.0000000E+00  0.0000000E+00  0.0000000E+00
  0.0000000E+00  0.0000000E+00  0.0000000E+00  0.0000000E+00  0.0000000E+00
  0.0000000E+00  0.0000000E+00  0.0000000E+00  0.0000000E+00  0.0000000E+00
  0.0000000E+00  0.0000000E+00  0.0000000E+00  0.0000000E+00  0.0000000E+00
  0.0000000E+00  0.0000000E+00  0.0000000E+00  0.0000000E+00  0.0000000E+00
  0.0000000E+00  0.0000000E+00  0.0000000E+00  0.0000000E+00  0.0000000E+00
  0.0000000E+00  0.0000000E+00  0.0000000E+00  0.0000000E+00  0.0000000E+00
  0.0000000E+00  0.0000000E+00  0.0000000E+00  0.0000000E+00  0.0000000E+00
  0.0000000E+00  0.0000000E+00  0.0000000E+00  0.0000000E+00  0.0000000E+00
  0.0000000E+00  0.0000000E+00  0.0000000E+00  0.0000000E+00  0.0000000E+00
  0.0000000E+00  0.0000000E+00  0.0000000E+00  0.0000000E+00  0.0000000E+00
  0.0000000E+00  0.0000000E+00  0.0000000E+00  0.0000000E+00  0.0000000E+00
  0.0000000E+00  0.0000000E+00  0.0000000E+00  0.0000000E+00  0.0000000E+00
  0.0000000E+00  0.0000000E+00  0.0000000E+00  0.0000000E+00  0.0000000E+00
  0.0000000E+00  0.0000000E+00  0.0000000E+00  0.0000000E+00  0.0000000E+00
  0.0000000E+00  0.0000000E+00  0.0000000E+00  0.0000000E+00  0.0000000E+00
  0.0000000E+00  0.0000000E+00  0.0000000E+00  0.0000000E+00  0.0000000E+00
  0.0000000E+00  0.0000000E+00  0.0000000E+00  0.0000000E+00  0.0000000E+00
  0.0000000E+00  0.0000000E+00  0.0000000E+00  0.0000000E+00  0.0000000E+00
  0.0000000E+00  0.0000000E+00  0.0000000E+00  0.0000000E+00  0.0000000E+00
  2.5056233E-04  2.6574932E-04  2.8093698E-04  2.9612632E-04  2.5056195E-04
  2.6574876E-04  2.8093724E-04  2.9612621E-04  2.5056212E-04  2.6575048E-04
  2.8093744E-04  2.9612635E-04  2.5056227E-04  2.6574871E-04  2.8093625E-04
  2.9612475E-04  2.5056247E-04  2.6574871E-04  2.8093765E-04  2.9612437E-04
  2.5056125E-04  2.6574987E-04  2.8093637E-04  2.9612530E-04  2.5056183E-04
  2.6575002E-04  2.8093759E-04  2.9612577E-04  2.5056177E-04  2.6574882E-04
  2.8093671E-04  2.9612597E-04  2.5056192E-04  2.6575039E-04  2.8093637E-04
  2.9612513E-04  2.5056081E-04  2.6574961E-04  2.8093651E-04  2.9612542E-04
  2.5056195E-04  2.6575080E-04  2.8093578E-04  2.9612595E-04  2.5055962E-04
  2.6574975E-04  2.8093735E-04  2.9612615E-04  2.5056151E-04  2.6574940E-04
  2.8093791E-04  2.9612583E-04  2.5056250E-04  2.6575068E-04  2.8093639E-04
  2.9612597E-04  2.5056084E-04  2.6574917E-04  2.8093628E-04  2.9612507E-04
  2.5056282E-04  2.6574871E-04  2.8093604E-04  2.9612504E-04  2.5056198E-04
  2.6574897E-04  2.8093709E-04  2.9612661E-04  2.5056250E-04  2.6574728E-04
  2.8093543E-04  2.9612583E-04  2.5056195E-04  2.6574900E-04  2.8093706E-04
  2.9612661E-04  2.5056282E-04  2.6574876E-04  2.8093607E-04  2.9612504E-04
  2.5056084E-04  2.6574914E-04  2.8093628E-04  2.9612507E-04  2.5056247E-04
  2.6575068E-04  2.8093639E-04  2.9612597E-04  2.5056151E-04  2.6574943E-04
  2.8093791E-04  2.9612580E-04  2.5055962E-04  2.6574975E-04  2.8093735E-04
  2.9612615E-04  2.5056195E-04  2.6575080E-04  2.8093581E-04  2.9612595E-04
  2.5056084E-04  2.6574964E-04  2.8093651E-04  2.9612542E-04  2.5056195E-04
  2.6575039E-04  2.8093637E-04  2.9612513E-04  2.5056180E-04  2.6574882E-04
  2.8093671E-04  2.9612597E-04  2.5056183E-04  2.6574999E-04  2.8093759E-04
  2.9612577E-04  2.5056125E-04  2.6574984E-04  2.8093637E-04  2.9612530E-04
  2.5056244E-04  2.6574868E-04  2.8093765E-04  2.9612440E-04  2.5056233E-04
  2.6574871E-04  2.8093625E-04  2.9612472E-04  2.5056212E-04  2.6575051E-04
  2.8093741E-04  2.9612635E-04  2.5056195E-04  2.6574876E-04  2.8093724E-04
  2.9612624E-04  2.5056233E-04  2.6574932E-04  2.8093698E-04  2.9612638E-04
  2.2018654E-04  2.3537270E-04  2.2018630E-04  2.3537238E-04  2.2018567E-04
  2.3537269E-04  2.2018552E-04  2.3537432E-04  2.2018552E-04  2.3537426E-04
  2.2018694E-04  2.3537334E-04  2.2018728E-04  2.3537406E-04  2.2018579E-04
  2.3537382E-04  2.2018637E-04  2.3537474E-04  2.2018567E-04  2.3537454E-04
  2.2018595E-04  2.3537470E-04  2.2018608E-04  2.3537285E-04  2.2018628E-04
  2.3537407E-04  2.2018552E-04  2.3537291E-04  2.2018635E-04  2.3537330E-04
  2.2018573E-04  2.3537413E-04  2.2018612E-04  2.3537387E-04  2.2018714E-04
  2.3537561E-04  2.2018611E-04  2.3537387E-04  2.2018573E-04  2.3537411E-04
  2.2018635E-04  2.3537331E-04  2.2018551E-04  2.3537291E-04  2.2018630E-04
  2.3537407E-04  2.2018608E-04  2.3537286E-04  2.2018596E-04  2.3537470E-04
  2.2018567E-04  2.3537454E-04  2.2018635E-04  2.3537474E-04  2.2018579E-04
  2.3537382E-04  2.2018728E-04  2.3537404E-04  2.2018694E-04  2.3537334E-04
  2.2018552E-04  2.3537426E-04  2.2018552E-04  2.3537432E-04  2.2018567E-04
  2.3537267E-04  2.2018628E-04  2.3537237E-04  2.2018657E-04  2.3537267E-04
  3.0364965E-05  9.1094662E-05  1.5182341E-04  2.1255169E-04  2.7328203E-04
  3.3401133E-04  3.9474189E-04  3.0364748E-05  9.1094247E-05  1.5182368E-04
  2.1255243E-04  2.7328273E-04  3.3401226E-04  3.9474183E-04  3.0365005E-05
  9.1093825E-05  1.5182429E-04  2.1255357E-04  2.7328252E-04  3.3401209E-04
  3.9474154E-04  3.0364359E-05  9.1093920E-05  1.5182431E-04  2.1255275E-04
  2.7328258E-04  3.3401011E-04  3.9474090E-04  3.0365252E-05  9.1093461E-05
  1.5182181E-04  2.1255246E-04  2.7328418E-04  3.3401218E-04  3.9474072E-04
  3.0363757E-05  9.1094349E-05  1.5182466E-04  2.1255214E-04  2.7328107E-04
  3.3401151E-04  3.9474061E-04  3.0364714E-05  9.1093723E-05  1.5182281E-04
  2.1255395E-04  2.7328456E-04  3.3401261E-04  3.9474200E-04  3.0364950E-05
  9.1094545E-05  1.5182467E-04  2.1255271E-04  2.7328072E-04  3.3401093E-04
  3.9474072E-04  3.0364590E-05  9.1093563E-05  1.5182295E-04  2.1255338E-04
  2.7328322E-04  3.3401151E-04  3.9474154E-04  3.0365962E-05  9.1094960E-05
  1.5182426E-04  2.1255377E-04  2.7328276E-04  3.3401139E-04  3.9474099E-04
  3.0363091E-05  9.1092865E-05  1.5182263E-04  2.1255239E-04  2.7328223E-04
  3.3401017E-04  3.9474008E-04  3.0365398E-05  9.1095309E-05  1.5182386E-04
  2.1255275E-04  2.7328191E-04  3.3401407E-04  3.9474264E-04  3.0364456E-05
  9.1092952E-05  1.5182345E-04  2.1255447E-04  2.7328252E-04  3.3401139E-04
  3.9474067E-04  3.0364365E-05  9.1094887E-05  1.5182390E-04  2.1255240E-04
  2.7328121E-04  3.3401191E-04  3.9474200E-04  3.0365305E-05  9.1094429E-05
  1.5182330E-04  2.1255328E-04  2.7328316E-04  3.3401258E-04  3.9474119E-04
  3.0364637E-05  9.1093912E-05  1.5182320E-04  2.1255226E-04  2.7328223E-04
  3.3401145E-04  3.9474078E-04  3.0364359E-05  9.1094065E-05  1.5182418E-04
  2.1255230E-04  2.7328261E-04  3.3401270E-04  3.9474055E-04  3.0365603E-05
  9.1093854E-05  1.5182284E-04  2.1255316E-04  2.7328264E-04  3.3401133E-04
  3.9474096E-04  3.0364357E-05  9.1094065E-05  1.5182418E-04  2.1255229E-04
  2.7328264E-04  3.3401270E-04  3.9474055E-04  3.0364637E-05  9.1093912E-05
  1.5182320E-04  2.1255227E-04  2.7328223E-04  3.3401145E-04  3.9474081E-04
  3.0365305E-05  9.1094429E-05  1.5182332E-04  2.1255326E-04  2.7328316E-04
  3.3401258E-04  3.9474122E-04  3.0364366E-05  9.1094887E-05  1.5182390E-04
  2.1255240E-04  2.7328121E-04  3.3401191E-04  3.9474203E-04  3.0364457E-05
  9.1092959E-05  1.5182345E-04  2.1255447E-04  2.7328252E-04  3.3401139E-04
  3.9474072E-04  3.0365398E-05  9.1095309E-05  1.5182386E-04  2.1255277E-04
  2.7328191E-04  3.3401407E-04  3.9474267E-04  3.0363093E-05  9.1092865E-05
  1.5182263E-04  2.1255239E-04  2.7328223E-04  3.3401017E-04  3.9474008E-04
  3.0365964E-05  9.1094960E-05  1.5182426E-04  2.1255377E-04  2.7328276E-04
  3.3401139E-04  3.9474099E-04  3.0364592E-05  9.1093556E-05  1.5182295E-04
  2.1255336E-04  2.7328322E-04  3.3401154E-04  3.9474154E-04  3.0364950E-05
  9.1094545E-05  1.5182469E-04  2.1255271E-04  2.7328072E-04  3.3401093E-04
  3.9474072E-04  3.0364714E-05  9.1093723E-05  1.5182281E-04  2.1255395E-04
  2.7328456E-04  3.3401255E-04  3.9474200E-04  3.0363757E-05  9.1094349E-05
  1.5182466E-04  2.1255214E-04  2.7328104E-04  3.3401151E-04  3.9474061E-04
  3.0365252E-05  9.1093461E-05  1.5182179E-04  2.1255246E-04  2.7328421E-04
  3.3401218E-04  3.9474072E-04  3.0364357E-05  9.1093920E-05  1.5182429E-04
  2.1255275E-04  2.7328255E-04  3.3401011E-04  3.9474090E-04  3.0365005E-05
  9.1093825E-05  1.5182428E-04  2.1255357E-04  2.7328252E-04  3.3401209E-04
  3.9474154E-04  3.0364750E-05  9.1094247E-05  1.5182368E-04  2.1255243E-04
  2.7328273E-04  3.3401226E-04  3.9474183E-04  3.0364965E-05  9.1094662E-05
  1.5182341E-04  2.1255171E-04  2.7328206E-04  3.3401133E-04  3.9474189E-04
  2.5056233E-04  2.6574932E-04  2.8093698E-04  2.9612632E-04  2.5056195E-04
  2.6574876E-04  2.8093724E-04  2.9612621E-04  2.5056212E-04  2.6575048E-04
  2.8093744E-04  2.9612635E-04  2.5056227E-04  2.6574871E-04  2.8093625E-04
  2.9612475E-04  2.5056247E-04  2.6574871E-04  2.8093765E-04  2.9612437E-04
  2.5056125E-04  2.6574987E-04  2.8093637E-04  2.9612530E-04  2.5056183E-04
  2.6575002E-04  2.8093759E-04  2.9612577E-04  2.5056177E-04  2.6574882E-04
  2.8093671E-04  2.9612597E-04  2.5056192E-04  2.6575039E-04  2.8093637E-04
  2.9612513E-04  2.5056081E-04  2.6574961E-04  2.8093651E-04  2.9612542E-04
  2.5056195E-04  2.6575080E-04  2.8093578E-04  2.9612595E-04  2.5055962E-04
  2.6574975E-04  2.8093735E-04  2.9612615E-04  2.5056151E-04  2.6574940E-04
  2.8093791E-04  2.9612583E-04  2.5056250E-04  2.6575068E-04  2.8093639E-04
  2.9612597E-04  2.5056084E-04  2.6574917E-04  2.8093628E-04  2.9612507E-04
  2.5056282E-04  2.6574871E-04  2.8093604E-04  2.9612504E-04  2.5056198E-04
  2.6574897E-04  2.8093709E-04  2.9612661E-04  2.5056250E-04  2.6574728E-04
  2.8093543E-04  2.9612583E-04  2.5056195E-04  2.6574900E-04  2.8093706E-04
  2.9612661E-04  2.5056282E-04  2.6574876E-04  2.8093607E-04  2.9612504E-04
  2.5056084E-04  2.6574914E-04  2.8093628E-04  2.9612507E-04  2.5056247E-04
  2.6575068E-04  2.8093639E-04  2.9612597E-04  2.5056151E-04  2.6574943E-04
  2.8093791E-04  2.9612580E-04  2.5055962E-04  2.6574975E-04  2.8093735E-04
  2.9612615E-04  2.5056195E-04  2.6575080E-04  2.8093581E-04  2.9612595E-04
  2.5056084E-04  2.6574964E-04  2.8093651E-04  2.9612542E-04  2.5056195E-04
  2.6575039E-04  2.8093637E-04  2.9612513E-04  2.5056180E-04  2.6574882E-04
  2.8093671E-04  2.9612597E-04  2.5056183E-04  2.6574999E-04  2.8093759E-04
  2.9612577E-04  2.5056125E-04  2.6574984E-04  2.8093637E-04  2.9612530E-04
  2.5056244E-04  2.6574868E-04  2.8093765E-04  2.9612440E-04  2.5056233E-04
  2.6574871E-04  2.8093625E-04  2.9612472E-04  2.5056212E-04  2.6575051E-04
  2.8093741E-04  2.9612635E-04  2.5056195E-04  2.6574876E-04  2.8093724E-04
  2.9612624E-04  2.5056233E-04  2.6574932E-04  2.8093698E-04  2.9612638E-04
  2.2018654E-04  2.3537270E-04  2.2018630E-04  2.3537238E-04  2.2018567E-04
  2.3537269E-04  2.2018552E-04  2.3537432E-04  2.2018552E-04  2.3537426E-04
  2.2018694E-04  2.3537334E-04  2.2018728E-04  2.3537406E-04  2.2018579E-04
  2.3537382E-04  2.2018637E-04  2.3537474E-04  2.2018567E-04  2.3537454E-04
  2.2018595E-04  2.3537470E-04  2.2018608E-04  2.3537285E-04  2.2018628E-04
  2.3537407E-04  2.2018552E-04  2.3537291E-04  2.2018635E-04  2.3537330E-04
  2.2018573E-04  2.3537413E-04  2.2018612E-04  2.3537387E-04  2.2018714E-04
  2.3537561E-04  2.2018611E-04  2.3537387E-04  2.2018573E-04  2.3537411E-04
  2.2018635E-04  2.3537331E-04  2.2018551E-04  2.3537291E-04  2.2018630E-04
  2.3537407E-04  2.2018608E-04  2.3537286E-04  2.2018596E-04  2.3537470E-04
  2.2018567E-04  2.3537454E-04  2.2018635E-04  2.3537474E-04  2.2018579E-04
  2.3537382E-04  2.2018728E-04  2.3537404E-04  2.2018694E-04  2.3537334E-04
  2.2018552E-04  2.3537426E-04  2.2018552E-04  2.3537432E-04  2.2018567E-04
  2.3537267E-04  2.2018628E-04  2.3537237E-04  2.2018657E-04  2.3537267E-04
  3.0364965E-05  9.1094662E-05  1.5182341E-04  2.1255169E-04  2.7328203E-04
  3.3401133E-04  3.9474189E-04  3.0364748E-05  9.1094247E-05  1.5182368E-04
  2.1255243E-04  2.7328273E-04  3.3401226E-04  3.9474183E-04  3.0365005E-05
  9.1093825E-05  1.5182429E-04  2.1255357E-04  2.7328252E-04  3.3401209E-04
  3.9474154E-04  3.0364359E-05  9.1093920E-05  1.5182431E-04  2.1255275E-04
  2.7328258E-04  3.3401011E-04  3.9474090E-04  3.0365252E-05  9.1093461E-05
  1.5182181E-04  2.1255246E-04  2.7328418E-04  3.3401218E-04  3.9474072E-04
  3.0363757E-05  9.1094349E-05  1.5182466E-04  2.1255214E-04  2.7328107E-04
  3.3401151E-04  3.9474061E-04  3.0364714E-05  9.1093723E-05  1.5182281E-04
  2.1255395E-04  2.7328456E-04  3.3401261E-04  3.9474200E-04  3.0364950E-05
  9.1094545E-05  1.5182467E-04  2.1255271E-04  2.7328072E-04  3.3401093E-04
  3.9474072E-04  3.0364590E-05  9.1093563E-05  1.5182295E-04  2.1255338E-04
  2.7328322E-04  3.3401151E-04  3.9474154E-04  3.0365962E-05  9.1094960E-05
  1.5182426E-04  2.1255377E-04  2.7328276E-04  3.3401139E-04  3.9474099E-04
  3.0363091E-05  9.1092865E-05  1.5182263E-04  2.1255239E-04  2.7328223E-04
  3.3401017E-04  3.9474008E-04  3.0365398E-05  9.1095309E-05  1.5182386E-04
  2.1255275E-04  2.7328191E-04  3.3401407E-04  3.9474264E-04  3.0364456E-05
  9.1092952E-05  1.5182345E-04  2.1255447E-04  2.7328252E-04  3.3401139E-04
  3.9474067E-04  3.0364365E-05  9.1094887E-05  1.5182390E-04  2.1255240E-04
  2.7328121E-04  3.3401191E-04  3.9474200E-04  3.0365305E-05  9.1094429E-05
  1.5182330E-04  2.1255328E-04  2.7328316E-04  3.3401258E-04  3.9474119E-04
  3.0364637E-05  9.1093912E-05  1.5182320E-04  2.1255226E-04  2.7328223E-04
  3.3401145E-04  3.9474078E-04  3.0364359E-05  9.1094065E-05  1.5182418E-04
  2.1255230E-04  2.7328261E-04  3.3401270E-04  3.9474055E-04  3.0365603E-05
  9.1093854E-05  1.5182284E-04  2.1255316E-04  2.7328264E-04  3.3401133E-04
  3.9474096E-04  3.0364357E-05  9.1094065E-05  1.5182418E-04  2.1255229E-04
  2.7328264E-04  3.3401270E-04  3.9474055E-04  3.0364637E-05  9.1093912E-05
  1.5182320E-04  2.1255227E-04  2.7328223E-04  3.3401145E-04  3.9474081E-04
  3.0365305E-05  9.1094429E-05  1.5182332E-04  2.1255326E-04  2.7328316E-04
  3.3401258E-04  3.9474122E-04  3.0364366E-05  9.1094887E-05  1.5182390E-04
  2.1255240E-04  2.7328121E-04  3.3401191E-04  3.9474203E-04  3.0364457E-05
  9.1092959E-05  1.5182345E-04  2.1255447E-04  2.7328252E-04  3.3401139E-04
  3.9474072E-04  3.0365398E-05  9.1095309E-05  1.5182386E-04  2.1255277E-04
  2.7328191E-04  3.3401407E-04  3.9474267E-04  3.0363093E-05  9.1092865E-05
  1.5182263E-04  2.1255239E-04  2.7328223E-04  3.3401017E-04  3.9474008E-04
  3.0365964E-05  9.1094960E-05  1.5182426E-04  2.1255377E-04  2.7328276E-04
  3.3401139E-04  3.9474099E-04  3.0364592E-05  9.1093556E-05  1.5182295E-04
  2.1255336E-04  2.7328322E-04  3.3401154E-04  3.9474154E-04  3.0364950E-05
  9.1094545E-05  1.5182469E-04  2.1255271E-04  2.7328072E-04  3.3401093E-04
  3.9474072E-04  3.0364714E-05  9.1093723E-05  1.5182281E-04  2.1255395E-04
  2.7328456E-04  3.3401255E-04  3.9474200E-04  3.0363757E-05  9.1094349E-05
  1.5182466E-04  2.1255214E-04  2.7328104E-04  3.3401151E-04  3.9474061E-04
  3.0365252E-05  9.1093461E-05  1.5182179E-04  2.1255246E-04  2.7328421E-04
  3.3401218E-04  3.9474072E-04  3.0364357E-05  9.1093920E-05  1.5182429E-04
  2.1255275E-04  2.7328255E-04  3.3401011E-04  3.9474090E-04  3.0365005E-05
  9.1093825E-05  1.5182428E-04  2.1255357E-04  2.7328252E-04  3.3401209E-04
  3.9474154E-04  3.0364750E-05  9.1094247E-05  1.5182368E-04  2.1255243E-04
  2.7328273E-04  3.3401226E-04  3.9474183E-04  3.0364965E-05  9.1094662E-05
  1.5182341E-04  2.1255171E-04  2.7328206E-04  3.3401133E-04  3.9474189E-04
  7.1545185E-07  1.1944389E-06  1.7233541E-06  2.3021475E-06  2.1406513E-06
  3.5740550E-06  5.1565248E-06  6.8879990E-06  3.5486880E-06  5.9248287E-06
  8.5479132E-06  1.1418228E-05  4.9279861E-06  8.2276147E-06  1.1870527E-05
  1.5856620E-05  6.2677718E-06  1.0464446E-05  1.5097743E-05  2.0167246E-05
  7.5567755E-06  1.2616983E-05  1.8203107E-05  2.4315650E-05  8.7852104E-06
  1.4667855E-05  2.1162143E-05  2.8268259E-05  9.9429899E-06  1.6600688E-05
  2.3950723E-05  3.1993313E-05  1.1020490E-05  1.8399942E-05  2.6546375E-05
  3.5460551E-05  1.2009338E-05  2.0050924E-05  2.8928316E-05  3.8642411E-05
  1.2901380E-05  2.1540527E-05  3.1077288E-05  4.1513278E-05  1.3689531E-05
  2.2856584E-05  3.2976492E-05  4.4049830E-05  1.4367847E-05  2.3988747E-05
  3.4610010E-05  4.6231602E-05  1.4930415E-05  2.4927864E-05  3.5964324E-05
  4.8041245E-05  1.5372425E-05  2.5665853E-05  3.7029458E-05  4.9463873E-05
  1.5691023E-05  2.6197367E-05  3.7796493E-05  5.0488423E-05  1.5883114E-05
  2.6518052E-05  3.8259244E-05  5.1106810E-05  1.5947355E-05  2.6625063E-05
  3.8413658E-05  5.1313255E-05  1.5883099E-05  2.6518059E-05  3.8259241E-05
  5.1106810E-05  1.5691030E-05  2.6197378E-05  3.7796490E-05  5.0488423E-05
  1.5372425E-05  2.5665855E-05  3.7029462E-05  4.9463881E-05  1.4930411E-05
  2.4927873E-05  3.5964324E-05  4.8041238E-05  1.4367850E-05  2.3988758E-05
  3.4610006E-05  4.6231598E-05  1.3689525E-05  2.2856588E-05  3.2976492E-05
  4.4049822E-05  1.2901386E-05  2.1540525E-05  3.1077285E-05  4.1513271E-05
  1.2009339E-05  2.0050937E-05  2.8928316E-05  3.8642418E-05  1.1020491E-05
  1.8399944E-05  2.6546375E-05  3.5460547E-05  9.9429917E-06  1.6600688E-05
  2.3950723E-05  3.1993313E-05  8.7852077E-06  1.4667850E-05  2.1162145E-05
  2.8268258E-05  7.5567787E-06  1.2616978E-05  1.8203107E-05  2.4315646E-05
  6.2677714E-06  1.0464445E-05  1.5097743E-05  2.0167243E-05  4.9279861E-06
  8.2276129E-06  1.1870527E-05  1.5856618E-05  3.5486871E-06  5.9248300E-06
  8.5479132E-06  1.1418228E-05  2.1406511E-06  3.5740545E-06  5.1565253E-06
  6.8879999E-06  7.1545213E-07  1.1944394E-06  1.7233542E-06  2.3021480E-06
  1.6261389E-06  1.8806320E-06  4.8653401E-06  5.6267604E-06  8.0652953E-06
  9.3275821E-06  1.1200368E-05  1.2953397E-05  1.4245272E-05  1.6474887E-05
  1.7175582E-05  1.9863590E-05  1.9967518E-05  2.3092516E-05  2.2598517E-05
  2.6135465E-05  2.5047781E-05  2.8968105E-05  2.7295218E-05  3.1567386E-05
  2.9323026E-05  3.3912533E-05  3.1114709E-05  3.5984303E-05  3.2655887E-05
  3.7766840E-05  3.3933993E-05  3.9244944E-05  3.4939141E-05  4.0407318E-05
  3.5662735E-05  4.1244442E-05  3.6099365E-05  4.1749296E-05  3.6245445E-05
  4.1918353E-05  3.6099362E-05  4.1749296E-05  3.5662735E-05  4.1244431E-05
  3.4939145E-05  4.0407318E-05  3.3933997E-05  3.9244947E-05  3.2655884E-05
  3.7766840E-05  3.1114712E-05  3.5984307E-05  2.9323028E-05  3.3912525E-05
  2.7295218E-05  3.1567382E-05  2.5047775E-05  2.8968101E-05  2.2598522E-05
  2.6135463E-05  1.9967516E-05  2.3092514E-05  1.7175582E-05  1.9863588E-05
  1.4245268E-05  1.6474887E-05  1.1200369E-05  1.2953396E-05  8.0652953E-06
  9.3275812E-06  4.8653396E-06  5.6267600E-06  1.6261391E-06  1.8806318E-06
  2.3615847E-08  1.6531055E-07  4.4869256E-07  8.7376247E-07  1.4405390E-06
  2.1490057E-06  2.9991718E-06  7.0656746E-08  4.9459720E-07  1.3424697E-06
  2.6142684E-06  4.3100340E-06  6.4297319E-06  8.9733703E-06  1.1712997E-07
  8.1989589E-07  2.2254485E-06  4.3337513E-06  7.1448221E-06  1.0658682E-05
  1.4875303E-05  1.6265579E-07  1.1385997E-06  3.0905032E-06  6.0183061E-06
  9.9220852E-06  1.4801723E-05  2.0657442E-05  2.0688050E-07  1.4481221E-06
  3.9306078E-06  7.6544084E-06  1.2619541E-05  1.8825765E-05  2.6273261E-05
  2.4942207E-07  1.7460175E-06  4.7392004E-06  9.2288683E-06  1.5215158E-05
  2.2698112E-05  3.1677548E-05  2.8997491E-07  2.0298169E-06  5.5095034E-06
  1.0729142E-05  1.7688639E-05  2.6387826E-05  3.6826939E-05  3.2818846E-07
  2.2973113E-06  6.2355775E-06  1.2142863E-05  2.0019228E-05  2.9864852E-05
  4.1679566E-05  3.6375263E-07  2.5462625E-06  6.9112998E-06  1.3458935E-05
  2.2189077E-05  3.3101602E-05  4.6196819E-05  3.9641043E-07  2.7747753E-06
  7.5315197E-06  1.4666622E-05  2.4180061E-05  3.6071790E-05  5.0341987E-05
  4.2581908E-07  2.9808598E-06  8.0909404E-06  1.5756110E-05  2.5976327E-05
  3.8751405E-05  5.4081742E-05  4.5187051E-07  3.1630652E-06  8.5853762E-06
  1.6718845E-05  2.7563488E-05  4.1119645E-05  5.7386565E-05  4.7423816E-07
  3.3196532E-06  9.0106096E-06  1.7547094E-05  2.8928813E-05  4.3156018E-05
  6.0228729E-05  4.9279947E-07  3.4496716E-06  9.3633189E-06  1.8233757E-05
  3.0061008E-05  4.4845325E-05  6.2586427E-05  5.0741028E-07  3.5518124E-06
  9.6406029E-06  1.8773853E-05  3.0951527E-05  4.6173565E-05  6.4439890E-05
  5.1790943E-07  3.6253657E-06  9.8402797E-06  1.9162624E-05  3.1592517E-05
  4.7129797E-05  6.5774562E-05  5.2424474E-07  3.6697538E-06  9.9607960E-06
  1.9397201E-05  3.1979303E-05  4.7706919E-05  6.6579691E-05  5.2638575E-07
  3.6845679E-06  1.0000976E-05  1.9475687E-05  3.2108550E-05  4.7899557E-05
  6.6848879E-05  5.2424468E-07  3.6697536E-06  9.9607960E-06  1.9397199E-05
  3.1979300E-05  4.7706915E-05  6.6579691E-05  5.1790943E-07  3.6253657E-06
  9.8402779E-06  1.9162626E-05  3.1592514E-05  4.7129797E-05  6.5774562E-05
  5.0741028E-07  3.5518124E-06  9.6406038E-06  1.8773851E-05  3.0951527E-05
  4.6173565E-05  6.4439890E-05  4.9279947E-07  3.4496716E-06  9.3633189E-06
  1.8233757E-05  3.0061010E-05  4.4845328E-05  6.2586427E-05  4.7423819E-07
  3.3196532E-06  9.0106105E-06  1.7547094E-05  2.8928811E-05  4.3156022E-05
  6.0228736E-05  4.5187051E-07  3.1630650E-06  8.5853762E-06  1.6718846E-05
  2.7563487E-05  4.1119649E-05  5.7386569E-05  4.2581911E-07  2.9808598E-06
  8.0909404E-06  1.5756112E-05  2.5976329E-05  3.8751405E-05  5.4081749E-05
  3.9641046E-07  2.7747756E-06  7.5315206E-06  1.4666620E-05  2.4180061E-05
  3.6071786E-05  5.0341987E-05  3.6375266E-07  2.5462623E-06  6.9113012E-06
  1.3458935E-05  2.2189075E-05  3.3101605E-05  4.6196823E-05  3.2818846E-07
  2.2973113E-06  6.2355780E-06  1.2142863E-05  2.0019228E-05  2.9864856E-05
  4.1679566E-05  2.8997491E-07  2.0298171E-06  5.5095038E-06  1.0729141E-05
  1.7688642E-05  2.6387825E-05  3.6826939E-05  2.4942207E-07  1.7460178E-06
  4.7392000E-06  9.2288683E-06  1.5215158E-05  2.2698112E-05  3.1677548E-05
  2.0688050E-07  1.4481221E-06  3.9306074E-06  7.6544093E-06  1.2619541E-05
  1.8825765E-05  2.6273261E-05  1.6265578E-07  1.1385998E-06  3.0905030E-06
  6.0183056E-06  9.9220833E-06  1.4801723E-05  2.0657442E-05  1.1712997E-07
  8.1989589E-07  2.2254485E-06  4.3337513E-06  7.1448212E-06  1.0658682E-05
  1.4875302E-05  7.0656753E-08  4.9459720E-07  1.3424695E-06  2.6142686E-06
  4.3100340E-06  6.4297319E-06  8.9733685E-06  2.3615847E-08  1.6531057E-07
  4.4869253E-07  8.7376253E-07  1.4405392E-06  2.1490057E-06  2.9991722E-06
 -7.1545185E-07 -1.1944389E-06 -1.7233541E-06 -2.3021475E-06 -2.1406513E-06
 -3.5740550E-06 -5.1565248E-06 -6.8879990E-06 -3.5486880E-06 -5.9248287E-06
 -8.5479132E-06 -1.1418228E-05 -4.9279861E-06 -8.2276147E-06 -1.1870527E-05
 -1.5856620E-05 -6.2677718E-06 -1.0464446E-05 -1.5097743E-05 -2.0167246E-05
 -7.5567755E-06 -1.2616983E-05 -1.8203107E-05 -2.4315650E-05 -8.7852104E-06
 -1.4667855E-05 -2.1162143E-05 -2.8268259E-05 -9.9429899E-06 -1.6600688E-05
 -2.3950723E-05 -3.1993313E-05 -1.1020490E-05 -1.8399942E-05 -2.6546375E-05
 -3.5460551E-05 -1.2009338E-05 -2.0050924E-05 -2.8928316E-05 -3.8642411E-05
 -1.2901380E-05 -2.1540527E-05 -3.1077288E-05 -4.1513278E-05 -1.3689531E-05
 -2.2856584E-05 -3.2976492E-05 -4.4049830E-05 -1.4367847E-05 -2.3988747E-05
 -3.4610010E-05 -4.6231602E-05 -1.4930415E-05 -2.4927864E-05 -3.5964324E-05
 -4.8041245E-05 -1.5372425E-05 -2.5665853E-05 -3.7029458E-05 -4.9463873E-05
 -1.5691023E-05 -2.6197367E-05 -3.7796493E-05 -5.0488423E-05 -1.5883114E-05
 -2.6518052E-05 -3.8259244E-05 -5.1106810E-05 -1.5947355E-05 -2.6625063E-05
 -3.8413658E-05 -5.1313255E-05 -1.5883099E-05 -2.6518059E-05 -3.8259241E-05
 -5.1106810E-05 -1.5691030E-05 -2.6197378E-05 -3.7796490E-05 -5.0488423E-05
 -1.5372425E-05 -2.5665855E-05 -3.7029462E-05 -4.9463881E-05 -1.4930411E-05
 -2.4927873E-05 -3.5964324E-05 -4.8041238E-05 -1.4367850E-05 -2.3988758E-05
 -3.4610006E-05 -4.6231598E-05 -1.3689525E-05 -2.2856588E-05 -3.2976492E-05
 -4.4049822E-05 -1.2901386E-05 -2.1540525E-05 -3.1077285E-05 -4.1513271E-05
 -1.2009339E-05 -2.0050937E-05 -2.8928316E-05 -3.8642418E-05 -1.1020491E-05
 -1.8399944E-05 -2.6546375E-05 -3.5460547E-05 -9.9429917E-06 -1.6600688E-05
 -2.3950723E-05 -3.1993313E-05 -8.7852077E-06 -1.4667850E-05 -2.1162145E-05
 -2.8268258E-05 -7.5567787E-06 -1.2616978E-05 -1.8203107E-05 -2.4315646E-05
 -6.2677714E-06 -1.0464445E-05 -1.5097743E-05 -2.0167243E-05 -4.9279861E-06
 -8.2276129E-06 -1.1870527E-05 -1.5856618E-05 -3.5486871E-06 -5.9248300E-06
 -8.5479132E-06 -1.1418228E-05 -2.1406511E-06 -3.5740545E-06 -5.1565253E-06
 -6.8879999E-06 -7.1545213E-07 -1.1944394E-06 -1.7233542E-06 -2.3021480E-06
 -1.6261389E-06 -1.8806320E-06 -4.8653401E-06 -5.6267604E-06 -8.0652953E-06
 -9.3275821E-06 -1.1200368E-05 -1.2953397E-05 -1.4245272E-05 -1.6474887E-05
 -1.7175582E-05 -1.9863590E-05 -1.9967518E-05 -2.3092516E-05 -2.2598517E-05
 -2.6135465E-05 -2.5047781E-05 -2.8968105E-05 -2.7295218E-05 -3.1567386E-05
 -2.9323026E-05 -3.3912533E-05 -3.1114709E-05 -3.5984303E-05 -3.2655887E-05
 -3.7766840E-05 -3.3933993E-05 -3.9244944E-05 -3.4939141E-05 -4.0407318E-05
 -3.5662735E-05 -4.1244442E-05 -3.6099365E-05 -4.1749296E-05 -3.6245445E-05
 -4.1918353E-05 -3.6099362E-05 -4.1749296E-05 -3.5662735E-05 -4.1244431E-05
 -3.4939145E-05 -4.0407318E-05 -3.3933997E-05 -3.9244947E-05 -3.2655884E-05
 -3.7766840E-05 -3.1114712E-05 -3.5984307E-05 -2.9323028E-05 -3.3912525E-05
 -2.7295218E-05 -3.1567382E-05 -2.5047775E-05 -2.8968101E-05 -2.2598522E-05
 -2.6135463E-05 -1.9967516E-05 -2.3092514E-05 -1.7175582E-05 -1.9863588E-05
 -1.4245268E-05 -1.6474887E-05 -1.1200369E-05 -1.2953396E-05 -8.0652953E-06
 -9.3275812E-06 -4.8653396E-06 -5.6267600E-06 -1.6261391E-06 -1.8806318E-06
 -2.3615847E-08 -1.6531055E-07 -4.4869256E-07 -8.7376247E-07 -1.4405390E-06
 -2.1490057E-06 -2.9991718E-06 -7.0656746E-08 -4.9459720E-07 -1.3424697E-06
 -2.6142684E-06 -4.3100340E-06 -6.4297319E-06 -8.9733703E-06 -1.1712997E-07
 -8.1989589E-07 -2.2254485E-06 -4.3337513E-06 -7.1448221E-06 -1.0658682E-05
 -1.4875303E-05 -1.6265579E-07 -1.1385997E-06 -3.0905032E-06 -6.0183061E-06
 -9.9220852E-06 -1.4801723E-05 -2.0657442E-05 -2.0688050E-07 -1.4481221E-06
 -3.9306078E-06 -7.6544084E-06 -1.2619541E-05 -1.8825765E-05 -2.6273261E-05
 -2.4942207E-07 -1.7460175E-06 -4.7392004E-06 -9.2288683E-06 -1.5215158E-05
 -2.2698112E-05 -3.1677548E-05 -2.8997491E-07 -2.0298169E-06 -5.5095034E-06
 -1.0729142E-05 -1.7688639E-05 -2.6387826E-05 -3.6826939E-05 -3.2818846E-07
 -2.2973113E-06 -6.2355775E-06 -1.2142863E-05 -2.0019228E-05 -2.9864852E-05
 -4.1679566E-05 -3.6375263E-07 -2.5462625E-06 -6.9112998E-06 -1.3458935E-05
 -2.2189077E-05 -3.3101602E-05 -4.6196819E-05 -3.9641043E-07 -2.7747753E-06
 -7.5315197E-06 -1.4666622E-05 -2.4180061E-05 -3.6071790E-05 -5.0341987E-05
 -4.2581908E-07 -2.9808598E-06 -8.0909404E-06 -1.5756110E-05 -2.5976327E-05
 -3.8751405E-05 -5.4081742E-05 -4.5187051E-07 -3.1630652E-06 -8.5853762E-06
 -1.6718845E-05 -2.7563488E-05 -4.1119645E-05 -5.7386565E-05 -4.7423816E-07
 -3.3196532E-06 -9.0106096E-06 -1.7547094E-05 -2.8928813E-05 -4.3156018E-05
 -6.0228729E-05 -4.9279947E-07 -3.4496716E-06 -9.3633189E-06 -1.8233757E-05
 -3.0061008E-05 -4.4845325E-05 -6.2586427E-05 -5.0741028E-07 -3.5518124E-06
 -9.6406029E-06 -1.8773853E-05 -3.0951527E-05 -4.6173565E-05 -6.4439890E-05
 -5.1790943E-07 -3.6253657E-06 -9.8402797E-06 -1.9162624E-05 -3.1592517E-05
 -4.7129797E-05 -6.5774562E-05 -5.2424474E-07 -3.6697538E-06 -9.9607960E-06
 -1.9397201E-05 -3.1979303E-05 -4.7706919E-05 -6.6579691E-05 -5.2638575E-07
 -3.6845679E-06 -1.0000976E-05 -1.9475687E-05 -3.2108550E-05 -4.7899557E-05
 -6.6848879E-05 -5.2424468E-07 -3.6697536E-06 -9.9607960E-06 -1.9397199E-05
 -3.1979300E-05 -4.7706915E-05 -6.6579691E-05 -5.1790943E-07 -3.6253657E-06
 -9.8402779E-06 -1.9162626E-05 -3.1592514E-05 -4.7129797E-05 -6.5774562E-05
 -5.0741028E-07 -3.5518124E-06 -9.6406038E-06 -1.8773851E-05 -3.0951527E-05
 -4.6173565E-05 -6.4439890E-05 -4.9279947E-07 -3.4496716E-06 -9.3633189E-06
 -1.8233757E-05 -3.0061010E-05 -4.4845328E-05 -6.2586427E-05 -4.7423819E-07
 -3.3196532E-06 -9.0106105E-06 -1.7547094E-05 -2.8928811E-05 -4.3156022E-05
 -6.0228736E-05 -4.5187051E-07 -3.1630650E-06 -8.5853762E-06 -1.6718846E-05
 -2.7563487E-05 -4.1119649E-05 -5.7386569E-05 -4.2581911E-07 -2.9808598E-06
 -8.0909404E-06 -1.5756112E-05 -2.5976329E-05 -3.8751405E-05 -5.4081749E-05
 -3.9641046E-07 -2.7747756E-06 -7.5315206E-06 -1.4666620E-05 -2.4180061E-05
 -3.6071786E-05 -5.0341987E-05 -3.6375266E-07 -2.5462623E-06 -6.9113012E-06
 -1.3458935E-05 -2.2189075E-05 -3.3101605E-05 -4.6196823E-05 -3.2818846E-07
 -2.2973113E-06 -6.2355780E-06 -1.2142863E-05 -2.0019228E-05 -2.9864856E-05
 -4.1679566E-05 -2.8997491E-07 -2.0298171E-06 -5.5095038E-06 -1.0729141E-05
 -1.7688642E-05 -2.6387825E-05 -3.6826939E-05 -2.4942207E-07 -1.7460178E-06
 -4.7392000E-06 -9.2288683E-06 -1.5215158E-05 -2.2698112E-05 -3.1677548E-05
 -2.0688050E-07 -1.4481221E-06 -3.9306074E-06 -7.6544093E-06 -1.2619541E-05
 -1.8825765E-05 -2.6273261E-05 -1.6265578E-07 -1.1385998E-06 -3.0905030E-06
 -6.0183056E-06 -9.9220833E-06 -1.4801723E-05 -2.0657442E-05 -1.1712997E-07
 -8.1989589E-07 -2.2254485E-06 -4.3337513E-06 -7.1448212E-06 -1.0658682E-05
 -1.4875302E-05 -7.0656753E-08 -4.9459720E-07 -1.3424695E-06 -2.6142686E-06
 -4.3100340E-06 -6.4297319E-06 -8.9733685E-06 -2.3615847E-08 -1.6531057E-07
 -4.4869253E-07 -8.7376253E-07 -1.4405392E-06 -2.1490057E-06 -2.9991722E-06
 -1.5931235E-05 -2.6598569E-05 -3.8375274E-05 -5.1261668E-05 -1.5802912E-05
 -2.6384310E-05 -3.8066399E-05 -5.0848917E-05 -1.5547424E-05 -2.5957981E-05
 -3.7450853E-05 -5.0026792E-05 -1.5166827E-05 -2.5322173E-05 -3.6533740E-05
 -4.8801525E-05 -1.4663928E-05 -2.4482642E-05 -3.5322835E-05 -4.7183621E-05
 -1.4042991E-05 -2.3446299E-05 -3.3827062E-05 -4.5186069E-05 -1.3309092E-05
 -2.2220980E-05 -3.2059343E-05 -4.2824598E-05 -1.2467978E-05 -2.0816462E-05
 -3.0033207E-05 -4.0118281E-05 -1.1526600E-05 -1.9244826E-05 -2.7765293E-05
 -3.7088848E-05 -1.0492185E-05 -1.7517965E-05 -2.5273957E-05 -3.3760894E-05
 -9.3735571E-06 -1.5650256E-05 -2.2579052E-05 -3.0161187E-05 -8.1791686E-06
 -1.3656275E-05 -1.9702542E-05 -2.6318516E-05 -6.9191497E-06 -1.1552233E-05
 -1.6667238E-05 -2.2263945E-05 -5.6033577E-06 -9.3554963E-06 -1.3497632E-05
 -1.8030220E-05 -4.2425568E-06 -7.0834194E-06 -1.0219526E-05 -1.3651163E-05
 -2.8474321E-06 -4.7540498E-06 -6.8590457E-06 -9.1623015E-06 -1.4294702E-06
 -2.3866376E-06 -3.4433799E-06 -4.5996735E-06 -2.9169314E-14  0.0000000E+00
  6.5410378E-14 -6.8947167E-14  1.4294707E-06  2.3866382E-06  3.4433799E-06
  4.5996730E-06  2.8474328E-06  4.7540543E-06  6.8590434E-06  9.1622996E-06
  4.2425577E-06  7.0834208E-06  1.0219522E-05  1.3651161E-05  5.6033573E-06
  9.3554945E-06  1.3497632E-05  1.8030216E-05  6.9191478E-06  1.1552240E-05
  1.6667236E-05  2.2263943E-05  8.1791723E-06  1.3656277E-05  1.9702546E-05
  2.6318516E-05  9.3735571E-06  1.5650257E-05  2.2579046E-05  3.0161187E-05
  1.0492186E-05  1.7517978E-05  2.5273957E-05  3.3760898E-05  1.1526601E-05
  1.9244830E-05  2.7765289E-05  3.7088848E-05  1.2467983E-05  2.0816462E-05
  3.0033207E-05  4.0118281E-05  1.3309092E-05  2.2220976E-05  3.2059350E-05
  4.2824598E-05  1.4042991E-05  2.3446286E-05  3.3827058E-05  4.5186069E-05
  1.4663936E-05  2.4482631E-05  3.5322835E-05  4.7183621E-05  1.5166830E-05
  2.5322170E-05  3.6533740E-05  4.8801510E-05  1.5547417E-05  2.5957990E-05
  3.7450856E-05  5.0026792E-05  1.5802916E-05  2.6384314E-05  3.8066399E-05
  5.0848925E-05  1.5931237E-05  2.6598571E-05  3.8375274E-05  5.1261693E-05
 -3.6208858E-05 -4.1875574E-05 -3.5917281E-05 -4.1538358E-05 -3.5336467E-05
 -4.0866831E-05 -3.4471184E-05 -3.9866492E-05 -3.3328441E-05 -3.8544851E-05
 -3.1917571E-05 -3.6912748E-05 -3.0249517E-05 -3.4983692E-05 -2.8337654E-05
 -3.2772830E-05 -2.6197926E-05 -3.0298261E-05 -2.3847109E-05 -2.7579590E-05
 -2.1304420E-05 -2.4638897E-05 -1.8590172E-05 -2.1499638E-05 -1.5726235E-05
 -1.8187555E-05 -1.2735648E-05 -1.4728857E-05 -9.6425865E-06 -1.1151714E-05
 -6.4718483E-06 -7.4847640E-06 -3.2490041E-06 -3.7575048E-06  7.6899465E-14
  2.7401328E-14  3.2490038E-06  3.7575048E-06  6.4718497E-06  7.4847635E-06
  9.6425883E-06  1.1151714E-05  1.2735649E-05  1.4728858E-05  1.5726235E-05
  1.8187557E-05  1.8590174E-05  2.1499640E-05  2.1304420E-05  2.4638894E-05
  2.3847109E-05  2.7579586E-05  2.6197928E-05  3.0298261E-05  2.8337654E-05
  3.2772830E-05  3.0249515E-05  3.4983688E-05  3.1917567E-05  3.6912748E-05
  3.3328437E-05  3.8544851E-05  3.4471188E-05  3.9866492E-05  3.5336467E-05
  4.0866831E-05  3.5917281E-05  4.1538347E-05  3.6208861E-05  4.1875577E-05
 -5.2584426E-07 -3.6808979E-06 -9.9909357E-06 -1.9455945E-05 -3.2076165E-05
 -4.7851321E-05 -6.6781715E-05 -5.2160669E-07 -3.6512472E-06 -9.9105246E-06
 -1.9299363E-05 -3.1817977E-05 -4.7466179E-05 -6.6244022E-05 -5.1317772E-07
 -3.5921917E-06 -9.7503271E-06 -1.8987423E-05 -3.1303527E-05 -4.6698722E-05
 -6.5172928E-05 -5.0060203E-07 -3.5042449E-06 -9.5115793E-06 -1.8522443E-05
 -3.0537052E-05 -4.5555011E-05 -6.3577048E-05 -4.8402012E-07 -3.3880492E-06
 -9.1961165E-06 -1.7908382E-05 -2.9524881E-05 -4.4045068E-05 -6.1469356E-05
 -4.6350374E-07 -3.2446460E-06 -8.8069155E-06 -1.7150120E-05 -2.8274493E-05
 -4.2180156E-05 -5.8866768E-05 -4.3929444E-07 -3.0750434E-06 -8.3465438E-06
 -1.6253956E-05 -2.6797139E-05 -3.9975846E-05 -5.5790442E-05 -4.1153618E-07
 -2.8807387E-06 -7.8191688E-06 -1.5226667E-05 -2.5103318E-05 -3.7449343E-05
 -5.2264517E-05 -3.8045616E-07 -2.6631819E-06 -7.2286530E-06 -1.4076942E-05
 -2.3207962E-05 -3.4621567E-05 -4.8318085E-05 -3.4633291E-07 -2.4242472E-06
 -6.5800882E-06 -1.2813839E-05 -2.1125481E-05 -3.1514970E-05 -4.3982462E-05
 -3.0937562E-07 -2.1657208E-06 -5.8784103E-06 -1.1447481E-05 -1.8872903E-05
 -2.8154553E-05 -3.9292696E-05 -2.6998077E-07 -1.8898431E-06 -5.1295242E-06
 -9.9890467E-06 -1.6468415E-05 -2.4567846E-05 -3.4286884E-05 -2.2838118E-07
 -1.5986606E-06 -4.3392802E-06 -8.4502335E-06 -1.3931378E-05 -2.0782836E-05
 -2.9004625E-05 -1.8495139E-07 -1.2946842E-06 -3.5141099E-06 -6.8432391E-06
 -1.1282087E-05 -1.6830731E-05 -2.3489079E-05 -1.4003670E-07 -9.8023713E-07
 -2.6606342E-06 -5.1812535E-06 -8.5420825E-06 -1.2743092E-05 -1.7784272E-05
 -9.3986657E-08 -6.5790664E-07 -1.7857466E-06 -3.4775026E-06 -5.7331963E-06
 -8.5527963E-06 -1.1936321E-05 -4.7183175E-08 -3.3028368E-07 -8.9648665E-07
 -1.7457818E-06 -2.8781888E-06 -4.2936963E-06 -5.9922841E-06  0.0000000E+00
  2.6511801E-15  4.4186261E-15 -2.4744445E-14  3.1814286E-14  0.0000000E+00
 -4.5953896E-14  4.7183175E-08  3.3028371E-07  8.9648648E-07  1.7457817E-06
  2.8781892E-06  4.2936963E-06  5.9922845E-06  9.3986657E-08  6.5790653E-07
  1.7857466E-06  3.4775032E-06  5.7331968E-06  8.5527963E-06  1.1936320E-05
  1.4003670E-07  9.8023713E-07  2.6606342E-06  5.1812531E-06  8.5420806E-06
  1.2743093E-05  1.7784272E-05  1.8495139E-07  1.2946842E-06  3.5141097E-06
  6.8432400E-06  1.1282086E-05  1.6830732E-05  2.3489081E-05  2.2838120E-07
  1.5986604E-06  4.3392802E-06  8.4502335E-06  1.3931378E-05  2.0782838E-05
  2.9004628E-05  2.6998077E-07  1.8898429E-06  5.1295242E-06  9.9890467E-06
  1.6468415E-05  2.4567849E-05  3.4286888E-05  3.0937565E-07  2.1657208E-06
  5.8784108E-06  1.1447481E-05  1.8872903E-05  2.8154553E-05  3.9292696E-05
  3.4633294E-07  2.4242472E-06  6.5800887E-06  1.2813839E-05  2.1125481E-05
  3.1514970E-05  4.3982465E-05  3.8045619E-07  2.6631819E-06  7.2286521E-06
  1.4076941E-05  2.3207962E-05  3.4621567E-05  4.8318081E-05  4.1153618E-07
  2.8807383E-06  7.8191697E-06  1.5226667E-05  2.5103318E-05  3.7449339E-05
  5.2264517E-05  4.3929444E-07  3.0750434E-06  8.3465438E-06  1.6253956E-05
  2.6797139E-05  3.9975846E-05  5.5790442E-05  4.6350374E-07  3.2446460E-06
  8.8069155E-06  1.7150120E-05  2.8274493E-05  4.2180160E-05  5.8866768E-05
  4.8402012E-07  3.3880497E-06  9.1961165E-06  1.7908380E-05  2.9524883E-05
  4.4045068E-05  6.1469364E-05  5.0060203E-07  3.5042453E-06  9.5115784E-06
  1.8522443E-05  3.0537052E-05  4.5555011E-05  6.3577041E-05  5.1317772E-07
  3.5921919E-06  9.7503280E-06  1.8987423E-05  3.1303523E-05  4.6698722E-05
  6.5172928E-05  5.2160675E-07  3.6512465E-06  9.9105227E-06  1.9299365E-05
  3.1817977E-05  4.7466179E-05  6.6244022E-05  5.2584426E-07  3.6808979E-06
  9.9909357E-06  1.9455947E-05  3.2076168E-05  4.7851321E-05  6.6781715E-05
 -1.5931235E-05 -2.6598569E-05 -3.8375274E-05 -5.1261668E-05 -1.5802912E-05
 -2.6384310E-05 -3.8066399E-05 -5.0848917E-05 -1.5547424E-05 -2.5957981E-05
 -3.7450853E-05 -5.0026792E-05 -1.5166827E-05 -2.5322173E-05 -3.6533740E-05
 -4.8801525E-05 -1.4663928E-05 -2.4482642E-05 -3.5322835E-05 -4.7183621E-05
 -1.4042991E-05 -2.3446299E-05 -3.3827062E-05 -4.5186069E-05 -1.3309092E-05
 -2.2220980E-05 -3.2059343E-05 -4.2824598E-05 -1.2467978E-05 -2.0816462E-05
 -3.0033207E-05 -4.0118281E-05 -1.1526600E-05 -1.9244826E-05 -2.7765293E-05
 -3.7088848E-05 -1.0492185E-05 -1.7517965E-05 -2.5273957E-05 -3.3760894E-05
 -9.3735571E-06 -1.5650256E-05 -2.2579052E-05 -3.0161187E-05 -8.1791686E-06
 -1.3656275E-05 -1.9702542E-05 -2.6318516E-05 -6.9191497E-06 -1.1552233E-05
 -1.6667238E-05 -2.2263945E-05 -5.6033577E-06 -9.3554963E-06 -1.3497632E-05
 -1.8030220E-05 -4.2425568E-06 -7.0834194E-06 -1.0219526E-05 -1.3651163E-05
 -2.8474321E-06 -4.7540498E-06 -6.8590457E-06 -9.1623015E-06 -1.4294702E-06
 -2.3866376E-06 -3.4433799E-06 -4.5996735E-06 -2.9169314E-14  0.0000000E+00
  6.5410378E-14 -6.8947167E-14  1.4294707E-06  2.3866382E-06  3.4433799E-06
  4.5996730E-06  2.8474328E-06  4.7540543E-06  6.8590434E-06  9.1622996E-06
  4.2425577E-06  7.0834208E-06  1.0219522E-05  1.3651161E-05  5.6033573E-06
  9.3554945E-06  1.3497632E-05  1.8030216E-05  6.9191478E-06  1.1552240E-05
  1.6667236E-05  2.2263943E-05  8.1791723E-06  1.3656277E-05  1.9702546E-05
  2.6318516E-05  9.3735571E-06  1.5650257E-05  2.2579046E-05  3.0161187E-05
  1.0492186E-05  1.7517978E-05  2.5273957E-05  3.3760898E-05  1.1526601E-05
  1.9244830E-05  2.7765289E-05  3.7088848E-05  1.2467983E-05  2.0816462E-05
  3.0033207E-05  4.0118281E-05  1.3309092E-05  2.2220976E-05  3.2059350E-05
  4.2824598E-05  1.4042991E-05  2.3446286E-05  3.3827058E-05  4.5186069E-05
  1.4663936E-05  2.4482631E-05  3.5322835E-05  4.7183621E-05  1.5166830E-05
  2.5322170E-05  3.6533740E-05  4.8801510E-05  1.5547417E-05  2.5957990E-05
  3.7450856E-05  5.0026792E-05  1.5802916E-05  2.6384314E-05  3.8066399E-05
  5.0848925E-05  1.5931237E-05  2.6598571E-05  3.8375274E-05  5.1261693E-05
 -3.6208858E-05 -4.1875574E-05 -3.5917281E-05 -4.1538358E-05 -3.5336467E-05
 -4.0866831E-05 -3.4471184E-05 -3.9866492E-05 -3.3328441E-05 -3.8544851E-05
 -3.1917571E-05 -3.6912748E-05 -3.0249517E-05 -3.4983692E-05 -2.8337654E-05
 -3.2772830E-05 -2.6197926E-05 -3.0298261E-05 -2.3847109E-05 -2.7579590E-05
 -2.1304420E-05 -2.4638897E-05 -1.8590172E-05 -2.1499638E-05 -1.5726235E-05
 -1.8187555E-05 -1.2735648E-05 -1.4728857E-05 -9.6425865E-06 -1.1151714E-05
 -6.4718483E-06 -7.4847640E-06 -3.2490041E-06 -3.7575048E-06  7.6899465E-14
  2.7401328E-14  3.2490038E-06  3.7575048E-06  6.4718497E-06  7.4847635E-06
  9.6425883E-06  1.1151714E-05  1.2735649E-05  1.4728858E-05  1.5726235E-05
  1.8187557E-05  1.8590174E-05  2.1499640E-05  2.1304420E-05  2.4638894E-05
  2.3847109E-05  2.7579586E-05  2.6197928E-05  3.0298261E-05  2.8337654E-05
  3.2772830E-05  3.0249515E-05  3.4983688E-05  3.1917567E-05  3.6912748E-05
  3.3328437E-05  3.8544851E-05  3.4471188E-05  3.9866492E-05  3.5336467E-05
  4.0866831E-05  3.5917281E-05  4.1538347E-05  3.6208861E-05  4.1875577E-05
 -5.2584426E-07 -3.6808979E-06 -9.9909357E-06 -1.9455945E-05 -3.2076165E-05
 -4.7851321E-05 -6.6781715E-05 -5.2160669E-07 -3.6512472E-06 -9.9105246E-06
 -1.9299363E-05 -3.1817977E-05 -4.7466179E-05 -6.6244022E-05 -5.1317772E-07
 -3.5921917E-06 -9.7503271E-06 -1.8987423E-05 -3.1303527E-05 -4.6698722E-05
 -6.5172928E-05 -5.0060203E-07 -3.5042449E-06 -9.5115793E-06 -1.8522443E-05
 -3.0537052E-05 -4.5555011E-05 -6.3577048E-05 -4.8402012E-07 -3.3880492E-06
 -9.1961165E-06 -1.7908382E-05 -2.9524881E-05 -4.4045068E-05 -6.1469356E-05
 -4.6350374E-07 -3.2446460E-06 -8.8069155E-06 -1.7150120E-05 -2.8274493E-05
 -4.2180156E-05 -5.8866768E-05 -4.3929444E-07 -3.0750434E-06 -8.3465438E-06
 -1.6253956E-05 -2.6797139E-05 -3.9975846E-05 -5.5790442E-05 -4.1153618E-07
 -2.8807387E-06 -7.8191688E-06 -1.5226667E-05 -2.5103318E-05 -3.7449343E-05
 -5.2264517E-05 -3.8045616E-07 -2.6631819E-06 -7.2286530E-06 -1.4076942E-05
 -2.3207962E-05 -3.4621567E-05 -4.8318085E-05 -3.4633291E-07 -2.4242472E-06
 -6.5800882E-06 -1.2813839E-05 -2.1125481E-05 -3.1514970E-05 -4.3982462E-05
 -3.0937562E-07 -2.1657208E-06 -5.8784103E-06 -1.1447481E-05 -1.8872903E-05
 -2.8154553E-05 -3.9292696E-05 -2.6998077E-07 -1.8898431E-06 -5.1295242E-06
 -9.9890467E-06 -1.6468415E-05 -2.4567846E-05 -3.4286884E-05 -2.2838118E-07
 -1.5986606E-06 -4.3392802E-06 -8.4502335E-06 -1.3931378E-05 -2.0782836E-05
 -2.9004625E-05 -1.8495139E-07 -1.2946842E-06 -3.5141099E-06 -6.8432391E-06
 -1.1282087E-05 -1.6830731E-05 -2.3489079E-05 -1.4003670E-07 -9.8023713E-07
 -2.6606342E-06 -5.1812535E-06 -8.5420825E-06 -1.2743092E-05 -1.7784272E-05
 -9.3986657E-08 -6.5790664E-07 -1.7857466E-06 -3.4775026E-06 -5.7331963E-06
 -8.5527963E-06 -1.1936321E-05 -4.7183175E-08 -3.3028368E-07 -8.9648665E-07
 -1.7457818E-06 -2.8781888E-06 -4.2936963E-06 -5.9922841E-06  0.0000000E+00
  2.6511801E-15  4.4186261E-15 -2.4744445E-14  3.1814286E-14  0.0000000E+00
 -4.5953896E-14  4.7183175E-08  3.3028371E-07  8.9648648E-07  1.7457817E-06
  2.8781892E-06  4.2936963E-06  5.9922845E-06  9.3986657E-08  6.5790653E-07
  1.7857466E-06  3.4775032E-06  5.7331968E-06  8.5527963E-06  1.1936320E-05
  1.4003670E-07  9.8023713E-07  2.6606342E-06  5.1812531E-06  8.5420806E-06
  1.2743093E-05  1.7784272E-05  1.8495139E-07  1.2946842E-06  3.5141097E-06
  6.8432400E-06  1.1282086E-05  1.6830732E-05  2.3489081E-05  2.2838120E-07
  1.5986604E-06  4.3392802E-06  8.4502335E-06  1.3931378E-05  2.0782838E-05
  2.9004628E-05  2.6998077E-07  1.8898429E-06  5.1295242E-06  9.9890467E-06
  1.6468415E-05  2.4567849E-05  3.4286888E-05  3.0937565E-07  2.1657208E-06
  5.8784108E-06  1.1447481E-05  1.8872903E-05  2.8154553E-05  3.9292696E-05
  3.4633294E-07  2.4242472E-06  6.5800887E-06  1.2813839E-05  2.1125481E-05
  3.1514970E-05  4.3982465E-05  3.8045619E-07  2.6631819E-06  7.2286521E-06
  1.4076941E-05  2.3207962E-05  3.4621567E-05  4.8318081E-05  4.1153618E-07
  2.8807383E-06  7.8191697E-06  1.5226667E-05  2.5103318E-05  3.7449339E-05
  5.2264517E-05  4.3929444E-07  3.0750434E-06  8.3465438E-06  1.6253956E-05
  2.6797139E-05  3.9975846E-05  5.5790442E-05  4.6350374E-07  3.2446460E-06
  8.8069155E-06  1.7150120E-05  2.8274493E-05  4.2180160E-05  5.8866768E-05
  4.8402012E-07  3.3880497E-06  9.1961165E-06  1.7908380E-05  2.9524883E-05
  4.4045068E-05  6.1469364E-05  5.0060203E-07  3.5042453E-06  9.5115784E-06
  1.8522443E-05  3.0537052E-05  4.5555011E-05  6.3577041E-05  5.1317772E-07
  3.5921919E-06  9.7503280E-06  1.8987423E-05  3.1303523E-05  4.6698722E-05
  6.5172928E-05  5.2160675E-07  3.6512465E-06  9.9105227E-06  1.9299365E-05
  3.1817977E-05  4.7466179E-05  6.6244022E-05  5.2584426E-07  3.6808979E-06
  9.9909357E-06  1.9455947E-05  3.2076168E-05  4.7851321E-05  6.6781715E-05
 -4.0103310E-11 -2.4898025E-10 -2.5619076E-10 -6.7972718E-11  3.1300110E-12
  1.3776885E-10  2.5706789E-10  1.9420776E-10  1.6745569E-10  2.0416446E-10
  8.7736797E-12 -2.5154559E-10 -2.6605097E-11 -1.3444909E-10 -2.2811451E-11
  1.7016255E-10  1.9093109E-10  1.3942879E-10  1.2283130E-10  0.0000000E+00
 -1.3459035E-10 -1.6598698E-11 -1.0528373E-11 -1.4796771E-11 -7.1990323E-11
 -1.6930682E-10 -1.1581255E-10 -2.9593571E-11  1.6276056E-10  2.1578250E-10
  9.8264834E-11  1.4426865E-10 -9.7030398E-11 -3.3197451E-12  1.0177433E-10
 -6.2886168E-11  8.4510031E-11  0.0000000E+00 -1.1581233E-10 -9.9878210E-11
 -2.3788152E-10 -2.8549829E-10 -2.0705788E-10 -9.9878231E-11 -9.7029849E-11
 -2.0914337E-10 -2.8075708E-11  1.2577268E-10  7.5120285E-11  2.9877603E-10
  1.8600170E-10  6.6585529E-11  2.1440634E-10  1.9918482E-10  1.4037849E-11
 -1.7386212E-10 -6.7295010E-11 -2.1910244E-10 -1.4213310E-10 -1.1097562E-11
  1.2754844E-10  1.6764658E-10  2.6320888E-11 -7.3983753E-12  6.5338950E-11
  6.7224733E-11  4.9132580E-11  9.2480017E-11 -3.9255512E-14  0.0000000E+00
  8.8028733E-14 -9.2787784E-14 -6.2991438E-11 -6.6394799E-11 -4.7377845E-11
 -9.2480031E-11 -1.2911344E-10 -1.6598672E-10 -2.9830343E-11  5.5487815E-12
  7.0425013E-11  2.1744256E-10  1.3511418E-10  3.6991872E-12 -2.1284131E-10
 -2.0582430E-10 -1.4037849E-11  1.7016293E-10 -7.5120285E-11 -2.9545630E-10
 -1.8600170E-10 -6.6585515E-11  1.0015985E-10  2.1246310E-10  3.1585172E-11
 -1.2577268E-10  2.3475150E-10  2.8881805E-10  2.0705791E-10  1.0357742E-10
 -8.4510031E-11  0.0000000E+00  1.1581233E-10  9.9878210E-11  9.7030405E-11
  3.3197451E-12 -1.0528379E-10  6.2886168E-11 -1.5963056E-10 -2.1246277E-10
 -9.8264834E-11 -1.4056946E-10  7.8250351E-11  1.7262657E-10  1.1932202E-10
  2.9593571E-11  1.2833033E-10  1.3278959E-11  1.0528373E-11  2.2195157E-11
 -1.8780107E-10 -1.4274852E-10 -1.2283130E-10 -7.3983684E-12  2.9735110E-11
  1.3610896E-10  2.2811449E-11 -1.7016255E-10 -1.6745569E-10 -2.0416446E-10
 -5.2642075E-12  2.5339519E-10  0.0000000E+00 -1.3610899E-10 -2.5882266E-10
 -1.9420776E-10  3.9712060E-11  2.4773536E-10  2.5531341E-10  6.8897513E-11
 -6.1340911E-12 -5.9711984E-12  1.6496769E-11  8.8172716E-12 -3.4246363E-11
 -9.8217823E-12  3.5499260E-12 -1.1161192E-11  1.3782064E-11  4.6653771E-11
  1.7332098E-11  0.0000000E+00 -1.4199816E-11 -2.3215256E-11 -1.5452636E-11
  3.1251273E-12 -4.5940391E-12 -8.4825211E-12  3.7587477E-12  5.8038249E-12
  1.6705564E-12  4.4644839E-12  1.1276262E-11 -1.1607568E-11  1.7749691E-11
  3.1251310E-12 -1.0649777E-11  1.5625577E-11  4.8028586E-12 -3.7947891E-12
 -2.4014225E-11 -4.2412497E-12  3.4977301E-12  5.1341383E-12  1.4784310E-14
  5.2680210E-15 -3.6543446E-12 -4.9667206E-12  2.4536272E-11  4.4644731E-12
 -4.5940387E-12  3.7947896E-12  1.0649776E-11 -1.5848800E-11 -1.7540872E-11
 -2.9019074E-12 -1.1693901E-11  1.1607569E-11 -2.5058347E-12 -4.4644839E-12
 -3.7587477E-12 -5.8038249E-12  5.8469583E-12  8.4825211E-12  1.5034998E-11
 -2.6786806E-12  1.4617457E-11  2.3215254E-11 -1.7749739E-11  0.0000000E+00
 -1.3782064E-11 -4.6653771E-11 -3.5499260E-12  1.1830864E-11  3.4037544E-11
  1.0268226E-11 -1.6496769E-11 -9.1521044E-12  6.1340915E-12  6.1944200E-12
  0.0000000E+00  0.0000000E+00  0.0000000E+00  0.0000000E+00  0.0000000E+00
  0.0000000E+00  0.0000000E+00  0.0000000E+00  0.0000000E+00  0.0000000E+00
  0.0000000E+00  0.0000000E+00  0.0000000E+00  0.0000000E+00  0.0000000E+00
  0.0000000E+00  0.0000000E+00  0.0000000E+00  0.0000000E+00  0.0000000E+00
  0.0000000E+00  0.0000000E+00  0.0000000E+00  0.0000000E+00  0.0000000E+00
  0.0000000E+00  0.0000000E+00  0.0000000E+00  0.0000000E+00  0.0000000E+00
  0.0000000E+00  0.0000000E+00  0.0000000E+00  0.0000000E+00  0.0000000E+00
  0.0000000E+00  0.0000000E+00  0.0000000E+00  0.0000000E+00  0.0000000E+00
  0.0000000E+00  0.0000000E+00  0.0000000E+00  0.0000000E+00  0.0000000E+00
  0.0000000E+00  0.0000000E+00  0.0000000E+00  0.0000000E+00  0.0000000E+00
  0.0000000E+00  0.0000000E+00  0.0000000E+00  0.0000000E+00  0.0000000E+00
  0.0000000E+00  0.0000000E+00  0.0000000E+00  0.0000000E+00  0.0000000E+00
  0.0000000E+00  0.0000000E+00  0.0000000E+00  0.0000000E+00  0.0000000E+00
  0.0000000E+00  0.0000000E+00  0.0000000E+00  0.0000000E+00  0.0000000E+00
  0.0000000E+00  0.0000000E+00  0.0000000E+00  0.0000000E+00  0.0000000E+00
  0.0000000E+00  0.0000000E+00  0.0000000E+00  0.0000000E+00  0.0000000E+00
  0.0000000E+00  0.0000000E+00  0.0000000E+00  0.0000000E+00  0.0000000E+00
  0.0000000E+00  0.0000000E+00  0.0000000E+00  0.0000000E+00  0.0000000E+00
  0.0000000E+00  0.0000000E+00  0.0000000E+00  0.0000000E+00  0.0000000E+00
  0.0000000E+00  0.0000000E+00  0.0000000E+00  0.0000000E+00  0.0000000E+00
  0.0000000E+00  0.0000000E+00  0.0000000E+00  0.0000000E+00  0.0000000E+00
  0.0000000E+00  0.0000000E+00  0.0000000E+00  0.0000000E+00  0.0000000E+00
  0.0000000E+00  0.0000000E+00  0.0000000E+00  0.0000000E+00  0.0000000E+00
  0.0000000E+00  0.0000000E+00  0.0000000E+00  0.0000000E+00  0.0000000E+00
  0.0000000E+00  0.0000000E+00  0.0000000E+00  0.0000000E+00  0.0000000E+00
  0.0000000E+00  0.0000000E+00  0.0000000E+00  0.0000000E+00  0.0000000E+00
  0.0000000E+00  0.0000000E+00  0.0000000E+00  0.0000000E+00  0.0000000E+00
  0.0000000E+00  0.0000000E+00  0.0000000E+00  0.0000000E+00  0.0000000E+00
  0.0000000E+00  0.0000000E+00  0.0000000E+00  0.0000000E+00  0.0000000E+00
  0.0000000E+00  0.0000000E+00  0.0000000E+00  0.0000000E+00  0.0000000E+00
  0.0000000E+00  0.0000000E+00  0.0000000E+00  0.0000000E+00  0.0000000E+00
  0.0000000E+00  0.0000000E+00  0.0000000E+00  0.0000000E+00  0.0000000E+00
  0.0000000E+00  0.0000000E+00  0.0000000E+00  0.0000000E+00  0.0000000E+00
  0.0000000E+00  0.0000000E+00  0.0000000E+00  0.0000000E+00  0.0000000E+00
  0.0000000E+00  0.0000000E+00  0.0000000E+00  0.0000000E+00  0.0000000E+00
  0.0000000E+00  0.0000000E+00  0.0000000E+00  0.0000000E+00  0.0000000E+00
  0.0000000E+00  0.0000000E+00  0.0000000E+00  0.0000000E+00  0.0000000E+00
  0.0000000E+00  0.0000000E+00  0.0000000E+00  0.0000000E+00  0.0000000E+00
  0.0000000E+00  0.0000000E+00  0.0000000E+00  0.0000000E+00  0.0000000E+00
  0.0000000E+00  0.0000000E+00  0.0000000E+00  0.0000000E+00  0.0000000E+00
  0.0000000E+00  0.0000000E+00  0.0000000E+00  0.0000000E+00  0.0000000E+00
  0.0000000E+00  0.0000000E+00  0.0000000E+00  0.0000000E+00  0.0000000E+00
  0.0000000E+00  0.0000000E+00  0.0000000E+00  0.0000000E+00  0.0000000E+00
  0.0000000E+00  0.0000000E+00  0.0000000E+00  0.0000000E+00  0.0000000E+00
  0.0000000E+00  0.0000000E+00  0.0000000E+00  0.0000000E+00  0.0000000E+00
  0.0000000E+00  0.0000000E+00  0.0000000E+00  0.0000000E+00  0.0000000E+00
  0.0000000E+00  0.0000000E+00  0.0000000E+00  0.0000000E+00  0.0000000E+00
  0.0000000E+00  0.0000000E+00  0.0000000E+00  0.0000000E+00  0.0000000E+00
  0.0000000E+00  0.0000000E+00  0.0000000E+00  0.0000000E+00  0.0000000E+00
  4.0103310E-11  2.4898025E-10  2.5619076E-10  6.7972718E-11 -3.1300110E-12
 -1.3776885E-10 -2.5706789E-10 -1.9420776E-10 -1.6745569E-10 -2.0416446E-10
 -8.7736797E-12  2.5154559E-10  2.6605097E-11  1.3444909E-10  2.2811451E-11
 -1.7016255E-10 -1.9093109E-10 -1.3942879E-10 -1.2283130E-10  0.0000000E+00
  1.3459035E-10  1.6598698E-11  1.0528373E-11  1.4796771E-11  7.1990323E-11
  1.6930682E-10  1.1581255E-10  2.9593571E-11 -1.6276056E-10 -2.1578250E-10
 -9.8264834E-11 -1.4426865E-10  9.7030398E-11  3.3197451E-12 -1.0177433E-10
  6.2886168E-11 -8.4510031E-11  0.0000000E+00  1.1581233E-10  9.9878210E-11
  2.3788152E-10  2.8549829E-10  2.0705788E-10  9.9878231E-11  9.7029849E-11
  2.0914337E-10  2.8075708E-11 -1.2577268E-10 -7.5120285E-11 -2.9877603E-10
 -1.8600170E-10 -6.6585529E-11 -2.1440634E-10 -1.9918482E-10 -1.4037849E-11
  1.7386212E-10  6.7295010E-11  2.1910244E-10  1.4213310E-10  1.1097562E-11
 -1.2754844E-10 -1.6764658E-10 -2.6320888E-11  7.3983753E-12 -6.5338950E-11
 -6.7224733E-11 -4.9132580E-11 -9.2480017E-11  3.9255512E-14  0.0000000E+00
 -8.8028733E-14  9.2787784E-14  6.2991438E-11  6.6394799E-11  4.7377845E-11
  9.2480031E-11  1.2911344E-10  1.6598672E-10  2.9830343E-11 -5.5487815E-12
 -7.0425013E-11 -2.1744256E-10 -1.3511418E-10 -3.6991872E-12  2.1284131E-10
  2.0582430E-10  1.4037849E-11 -1.7016293E-10  7.5120285E-11  2.9545630E-10
  1.8600170E-10  6.6585515E-11 -1.0015985E-10 -2.1246310E-10 -3.1585172E-11
  1.2577268E-10 -2.3475150E-10 -2.8881805E-10 -2.0705791E-10 -1.0357742E-10
  8.4510031E-11  0.0000000E+00 -1.1581233E-10 -9.9878210E-11 -9.7030405E-11
 -3.3197451E-12  1.0528379E-10 -6.2886168E-11  1.5963056E-10  2.1246277E-10
  9.8264834E-11  1.4056946E-10 -7.8250351E-11 -1.7262657E-10 -1.1932202E-10
 -2.9593571E-11 -1.2833033E-10 -1.3278959E-11 -1.0528373E-11 -2.2195157E-11
  1.8780107E-10  1.4274852E-10  1.2283130E-10  7.3983684E-12 -2.9735110E-11
 -1.3610896E-10 -2.2811449E-11  1.7016255E-10  1.6745569E-10  2.0416446E-10
  5.2642075E-12 -2.5339519E-10  0.0000000E+00  1.3610899E-10  2.5882266E-10
  1.9420776E-10 -3.9712060E-11 -2.4773536E-10 -2.5531341E-10 -6.8897513E-11
  6.1340911E-12  5.9711984E-12 -1.6496769E-11 -8.8172716E-12  3.4246363E-11
  9.8217823E-12 -3.5499260E-12  1.1161192E-11 -1.3782064E-11 -4.6653771E-11
 -1.7332098E-11  0.0000000E+00  1.4199816E-11  2.3215256E-11  1.5452636E-11
 -3.1251273E-12  4.5940391E-12  8.4825211E-12 -3.7587477E-12 -5.8038249E-12
 -1.6705564E-12 -4.4644839E-12 -1.1276262E-11  1.1607568E-11 -1.7749691E-11
 -3.1251310E-12  1.0649777E-11 -1.5625577E-11 -4.8028586E-12  3.7947891E-12
  2.4014225E-11  4.2412497E-12 -3.4977301E-12 -5.1341383E-12 -1.4784310E-14
 -5.2680210E-15  3.6543446E-12  4.9667206E-12 -2.4536272E-11 -4.4644731E-12
  4.5940387E-12 -3.7947896E-12 -1.0649776E-11  1.5848800E-11  1.7540872E-11
  2.9019074E-12  1.1693901E-11 -1.1607569E-11  2.5058347E-12  4.4644839E-12
  3.7587477E-12  5.8038249E-12 -5.8469583E-12 -8.4825211E-12 -1.5034998E-11
  2.6786806E-12 -1.4617457E-11 -2.3215254E-11  1.7749739E-11  0.0000000E+00
  1.3782064E-11  4.6653771E-11  3.5499260E-12 -1.1830864E-11 -3.4037544E-11
 -1.0268226E-11  1.6496769E-11  9.1521044E-12 -6.1340915E-12 -6.1944200E-12
  0.0000000E+00  0.0000000E+00  0.0000000E+00  0.0000000E+00  0.0000000E+00
  0.0000000E+00  0.0000000E+00  0.0000000E+00  0.0000000E+00  0.0000000E+00
  0.0000000E+00  0.0000000E+00  0.0000000E+00  0.0000000E+00  0.0000000E+00
  0.0000000E+00  0.0000000E+00  0.0000000E+00  0.0000000E+00  0.0000000E+00
  0.0000000E+00  0.0000000E+00  0.0000000E+00  0.0000000E+00  0.0000000E+00
  0.0000000E+00  0.0000000E+00  0.0000000E+00  0.0000000E+00  0.0000000E+00
  0.0000000E+00  0.0000000E+00  0.0000000E+00  0.0000000E+00  0.0000000E+00
  0.0000000E+00  0.0000000E+00  0.0000000E+00  0.0000000E+00  0.0000000E+00
  0.0000000E+00  0.0000000E+00  0.0000000E+00  0.0000000E+00  0.0000000E+00
  0.0000000E+00  0.0000000E+00  0.0000000E+00  0.0000000E+00  0.0000000E+00
  0.0000000E+00  0.0000000E+00  0.0000000E+00  0.0000000E+00  0.0000000E+00
  0.0000000E+00  0.0000000E+00  0.0000000E+00  0.0000000E+00  0.0000000E+00
  0.0000000E+00  0.0000000E+00  0.0000000E+00  0.0000000E+00  0.0000000E+00
  0.0000000E+00  0.0000000E+00  0.0000000E+00  0.0000000E+00  0.0000000E+00
  0.0000000E+00  0.0000000E+00  0.0000000E+00  0.0000000E+00  0.0000000E+00
  0.0000000E+00  0.0000000E+00  0.0000000E+00  0.0000000E+00  0.0000000E+00
  0.0000000E+00  0.0000000E+00  0.0000000E+00  0.0000000E+00  0.0000000E+00
  0.0000000E+00  0.0000000E+00  0.0000000E+00  0.0000000E+00  0.0000000E+00
  0.0000000E+00  0.0000000E+00  0.0000000E+00  0.0000000E+00  0.0000000E+00
  0.0000000E+00  0.0000000E+00  0.0000000E+00  0.0000000E+00  0.0000000E+00
  0.0000000E+00  0.0000000E+00  0.0000000E+00  0.0000000E+00  0.0000000E+00
  0.0000000E+00  0.0000000E+00  0.0000000E+00  0.0000000E+00  0.0000000E+00
  0.0000000E+00  0.0000000E+00  0.0000000E+00  0.0000000E+00  0.0000000E+00
  0.0000000E+00  0.0000000E+00  0.0000000E+00  0.0000000E+00  0.0000000E+00
  0.0000000E+00  0.0000000E+00  0.0000000E+00  0.0000000E+00  0.0000000E+00
  0.0000000E+00  0.0000000E+00  0.0000000E+00  0.0000000E+00  0.0000000E+00
  0.0000000E+00  0.0000000E+00  0.0000000E+00  0.0000000E+00  0.0000000E+00
  0.0000000E+00  0.0000000E+00  0.0000000E+00  0.0000000E+00  0.0000000E+00
  0.0000000E+00  0.0000000E+00  0.0000000E+00  0.0000000E+00  0.0000000E+00
  0.0000000E+00  0.0000000E+00  0.0000000E+00  0.0000000E+00  0.0000000E+00
  0.0000000E+00  0.0000000E+00  0.0000000E+00  0.0000000E+00  0.0000000E+00
  0.0000000E+00  0.0000000E+00  0.0000000E+00  0.0000000E+00  0.0000000E+00
  0.0000000E+00  0.0000000E+00  0.0000000E+00  0.0000000E+00  0.0000000E+00
  0.0000000E+00  0.0000000E+00  0.0000000E+00  0.0000000E+00  0.0000000E+00
  0.0000000E+00  0.0000000E+00  0.0000000E+00  0.0000000E+00  0.0000000E+00
  0.0000000E+00  0.0000000E+00  0.0000000E+00  0.0000000E+00  0.0000000E+00
  0.0000000E+00  0.0000000E+00  0.0000000E+00  0.0000000E+00  0.0000000E+00
  0.0000000E+00  0.0000000E+00  0.0000000E+00  0.0000000E+00  0.0000000E+00
  0.0000000E+00  0.0000000E+00  0.0000000E+00  0.0000000E+00  0.0000000E+00
  0.0000000E+00  0.0000000E+00  0.0000000E+00  0.0000000E+00  0.0000000E+00
  0.0000000E+00  0.0000000E+00  0.0000000E+00  0.0000000E+00  0.0000000E+00
  0.0000000E+00  0.0000000E+00  0.0000000E+00  0.0000000E+00  0.0000000E+00
  0.0000000E+00  0.0000000E+00  0.0000000E+00  0.0000000E+00  0.0000000E+00
  0.0000000E+00  0.0000000E+00  0.0000000E+00  0.0000000E+00  0.0000000E+00
  0.0000000E+00  0.0000000E+00  0.0000000E+00  0.0000000E+00  0.0000000E+00
  0.0000000E+00  0.0000000E+00  0.0000000E+00  0.0000000E+00  0.0000000E+00
  0.0000000E+00  0.0000000E+00  0.0000000E+00  0.0000000E+00  0.0000000E+00
  0.0000000E+00  0.0000000E+00  0.0000000E+00  0.0000000E+00  0.0000000E+00
  0.0000000E+00  0.0000000E+00  0.0000000E+00  0.0000000E+00  0.0000000E+00
