 
      1   1120    455      1
    1  0.2143750E+00  0.9627597E-02 -0.6116160E-01  0.8018568E+00  0.3601189E-01 -0.5964301E+00  0.4201034E-03
    1  0.2273618E+00  0.1021082E-01 -0.4366665E-01  0.8018575E+00  0.3601391E-01 -0.5964288E+00  0.4455675E-03
    1  0.2403488E+00  0.1079408E-01 -0.2617117E-01  0.8018578E+00  0.3601376E-01 -0.5964285E+00  0.4710321E-03
    1  0.2533363E+00  0.1137734E-01 -0.8675204E-02  0.8018565E+00  0.3601195E-01 -0.5964305E+00  0.4964976E-03
    1  0.2126490E+00  0.2880527E-01 -0.6116160E-01  0.7954009E+00  0.1077444E+00 -0.5964298E+00  0.4201030E-03
    1  0.2255311E+00  0.3055027E-01 -0.4366666E-01  0.7954020E+00  0.1077432E+00 -0.5964286E+00  0.4455668E-03
    1  0.2384137E+00  0.3229532E-01 -0.2617116E-01  0.7954013E+00  0.1077421E+00 -0.5964296E+00  0.4710317E-03
    1  0.2512966E+00  0.3404044E-01 -0.8675197E-02  0.7954008E+00  0.1077428E+00 -0.5964303E+00  0.4964976E-03
    1  0.2092109E+00  0.4775102E-01 -0.6116159E-01  0.7825411E+00  0.1786080E+00 -0.5964299E+00  0.4201032E-03
    1  0.2218848E+00  0.5064376E-01 -0.4366666E-01  0.7825413E+00  0.1786079E+00 -0.5964296E+00  0.4455689E-03
    1  0.2345590E+00  0.5353656E-01 -0.2617116E-01  0.7825422E+00  0.1786101E+00 -0.5964279E+00  0.4710333E-03
    1  0.2472336E+00  0.5642946E-01 -0.8675208E-02  0.7825402E+00  0.1786118E+00 -0.5964299E+00  0.4964982E-03
    1  0.2040883E+00  0.6631231E-01 -0.6116161E-01  0.7633794E+00  0.2480373E+00 -0.5964305E+00  0.4201030E-03
    1  0.2164519E+00  0.7032949E-01 -0.4366665E-01  0.7633805E+00  0.2480388E+00 -0.5964285E+00  0.4455667E-03
    1  0.2288158E+00  0.7434677E-01 -0.2617117E-01  0.7633809E+00  0.2480377E+00 -0.5964285E+00  0.4710309E-03
    1  0.2411800E+00  0.7836415E-01 -0.8675195E-02  0.7633811E+00  0.2480362E+00 -0.5964289E+00  0.4964963E-03
    1  0.1973225E+00  0.8433969E-01 -0.6116160E-01  0.7380738E+00  0.3154656E+00 -0.5964298E+00  0.4201039E-03
    1  0.2092762E+00  0.8944894E-01 -0.4366666E-01  0.7380747E+00  0.3154668E+00 -0.5964282E+00  0.4455670E-03
    1  0.2212303E+00  0.9455833E-01 -0.2617116E-01  0.7380737E+00  0.3154666E+00 -0.5964294E+00  0.4710325E-03
    1  0.2331846E+00  0.9966788E-01 -0.8675209E-02  0.7380739E+00  0.3154679E+00 -0.5964284E+00  0.4964961E-03
    1  0.1889680E+00  0.1016880E+00 -0.6116160E-01  0.7068234E+00  0.3803596E+00 -0.5964288E+00  0.4201026E-03
    1  0.2004156E+00  0.1078482E+00 -0.4366666E-01  0.7068235E+00  0.3803581E+00 -0.5964295E+00  0.4455679E-03
    1  0.2118635E+00  0.1140086E+00 -0.2617116E-01  0.7068246E+00  0.3803585E+00 -0.5964280E+00  0.4710315E-03
    1  0.2233117E+00  0.1201691E+00 -0.8675202E-02  0.7068241E+00  0.3803583E+00 -0.5964289E+00  0.4964973E-03
    1  0.1790920E+00  0.1182176E+00 -0.6116161E-01  0.6698830E+00  0.4421869E+00 -0.5964290E+00  0.4201034E-03
    1  0.1899413E+00  0.1253792E+00 -0.4366665E-01  0.6698822E+00  0.4421873E+00 -0.5964295E+00  0.4455682E-03
    1  0.2007909E+00  0.1325409E+00 -0.2617116E-01  0.6698833E+00  0.4421873E+00 -0.5964283E+00  0.4710333E-03
    1  0.2116408E+00  0.1397029E+00 -0.8675207E-02  0.6698833E+00  0.4421863E+00 -0.5964292E+00  0.4964977E-03
    1  0.1677741E+00  0.1337954E+00 -0.6116160E-01  0.6275502E+00  0.5004524E+00 -0.5964295E+00  0.4201029E-03
    1  0.1779378E+00  0.1419006E+00 -0.4366666E-01  0.6275508E+00  0.5004524E+00 -0.5964288E+00  0.4455667E-03
    1  0.1881017E+00  0.1500061E+00 -0.2617116E-01  0.6275501E+00  0.5004534E+00 -0.5964287E+00  0.4710315E-03
    1  0.1982660E+00  0.1581119E+00 -0.8675206E-02  0.6275497E+00  0.5004528E+00 -0.5964296E+00  0.4964977E-03
    1  0.1551054E+00  0.1482959E+00 -0.6116160E-01  0.5801618E+00  0.5546930E+00 -0.5964295E+00  0.4201032E-03
    1  0.1645016E+00  0.1572796E+00 -0.4366666E-01  0.5801623E+00  0.5546921E+00 -0.5964298E+00  0.4455686E-03
    1  0.1738981E+00  0.1662636E+00 -0.2617117E-01  0.5801641E+00  0.5546923E+00 -0.5964277E+00  0.4710317E-03
    1  0.1832948E+00  0.1752478E+00 -0.8675199E-02  0.5801620E+00  0.5546924E+00 -0.5964296E+00  0.4964964E-03
    1  0.1411878E+00  0.1616025E+00 -0.6116161E-01  0.5281057E+00  0.6044641E+00 -0.5964290E+00  0.4201016E-03
    1  0.1497409E+00  0.1713923E+00 -0.4366665E-01  0.5281044E+00  0.6044641E+00 -0.5964301E+00  0.4455671E-03
    1  0.1582943E+00  0.1811824E+00 -0.2617116E-01  0.5281050E+00  0.6044664E+00 -0.5964272E+00  0.4710323E-03
    1  0.1668478E+00  0.1909727E+00 -0.8675210E-02  0.5281043E+00  0.6044652E+00 -0.5964291E+00  0.4964973E-03
    1  0.1261335E+00  0.1736079E+00 -0.6116160E-01  0.4717935E+00  0.6493724E+00 -0.5964281E+00  0.4201042E-03
    1  0.1337746E+00  0.1841249E+00 -0.4366667E-01  0.4717924E+00  0.6493713E+00 -0.5964302E+00  0.4455690E-03
    1  0.1414159E+00  0.1946423E+00 -0.2617116E-01  0.4717944E+00  0.6493726E+00 -0.5964271E+00  0.4710312E-03
    1  0.1490574E+00  0.2051600E+00 -0.8675205E-02  0.4717940E+00  0.6493701E+00 -0.5964300E+00  0.4964974E-03
    1  0.1100636E+00  0.1842155E+00 -0.6116160E-01  0.4116864E+00  0.6890492E+00 -0.5964273E+00  0.4201008E-03
    1  0.1167312E+00  0.1953751E+00 -0.4366665E-01  0.4116846E+00  0.6890480E+00 -0.5964299E+00  0.4455674E-03
    1  0.1233990E+00  0.2065352E+00 -0.2617117E-01  0.4116864E+00  0.6890476E+00 -0.5964292E+00  0.4710322E-03
    1  0.1300670E+00  0.2176954E+00 -0.8675200E-02  0.4116873E+00  0.6890464E+00 -0.5964299E+00  0.4964978E-03
    1  0.9310760E-01  0.1933399E+00 -0.6116161E-01  0.3482646E+00  0.7231768E+00 -0.5964286E+00  0.4201031E-03
    1  0.9874800E-01  0.2050523E+00 -0.4366666E-01  0.3482662E+00  0.7231752E+00 -0.5964296E+00  0.4455671E-03
    1  0.1043886E+00  0.2167651E+00 -0.2617116E-01  0.3482648E+00  0.7231756E+00 -0.5964299E+00  0.4710326E-03
    1  0.1100293E+00  0.2284782E+00 -0.8675205E-02  0.3482639E+00  0.7231764E+00 -0.5964295E+00  0.4964977E-03
    1  0.7540191E-01  0.2009077E+00 -0.6116160E-01  0.2820386E+00  0.7514825E+00 -0.5964295E+00  0.4201041E-03
    1  0.7996973E-01  0.2130786E+00 -0.4366665E-01  0.2820382E+00  0.7514823E+00 -0.5964301E+00  0.4455689E-03
    1  0.8453767E-01  0.2252498E+00 -0.2617116E-01  0.2820371E+00  0.7514849E+00 -0.5964273E+00  0.4710320E-03
    1  0.8910571E-01  0.2374214E+00 -0.8675205E-02  0.2820349E+00  0.7514836E+00 -0.5964300E+00  0.4964974E-03
    1  0.5708915E-01  0.2068579E+00 -0.6116160E-01  0.2135379E+00  0.7737401E+00 -0.5964292E+00  0.4201016E-03
    1  0.6054758E-01  0.2193892E+00 -0.4366665E-01  0.2135366E+00  0.7737406E+00 -0.5964290E+00  0.4455672E-03
    1  0.6400609E-01  0.2319209E+00 -0.2617117E-01  0.2135377E+00  0.7737414E+00 -0.5964276E+00  0.4710316E-03
    1  0.6746472E-01  0.2444529E+00 -0.8675202E-02  0.2135385E+00  0.7737398E+00 -0.5964293E+00  0.4964965E-03
    1  0.3831673E-01  0.2111426E+00 -0.6116160E-01  0.1433228E+00  0.7897660E+00 -0.5964296E+00  0.4201046E-03
    1  0.4063793E-01  0.2239335E+00 -0.4366666E-01  0.1433233E+00  0.7897671E+00 -0.5964279E+00  0.4455672E-03
    1  0.4295922E-01  0.2367247E+00 -0.2617116E-01  0.1433219E+00  0.7897671E+00 -0.5964284E+00  0.4710307E-03
    1  0.4528055E-01  0.2495164E+00 -0.8675199E-02  0.1433215E+00  0.7897664E+00 -0.5964292E+00  0.4964966E-03
    1  0.1923579E-01  0.2137273E+00 -0.6116159E-01  0.7195099E-01  0.7994336E+00 -0.5964302E+00  0.4201028E-03
    1  0.2040108E-01  0.2266748E+00 -0.4366665E-01  0.7195110E-01  0.7994356E+00 -0.5964275E+00  0.4455679E-03
    1  0.2156643E-01  0.2396226E+00 -0.2617116E-01  0.7195095E-01  0.7994356E+00 -0.5964275E+00  0.4710331E-03
    1  0.2273178E-01  0.2525708E+00 -0.8675210E-02  0.7195105E-01  0.7994336E+00 -0.5964302E+00  0.4964983E-03
    1  0.1164153E-09  0.2145912E+00 -0.6116161E-01  0.0000000E+00  0.8026648E+00 -0.5964304E+00  0.4201035E-03
    1  0.0000000E+00  0.2275910E+00 -0.4366665E-01  0.0000000E+00  0.8026671E+00 -0.5964274E+00  0.4455652E-03
    1 -0.2328306E-09  0.2405911E+00 -0.2617116E-01  0.0000000E+00  0.8026670E+00 -0.5964274E+00  0.4710304E-03
    1  0.2328306E-09  0.2535917E+00 -0.8675203E-02  0.0000000E+00  0.8026647E+00 -0.5964304E+00  0.4964969E-03
    1 -0.1923579E-01  0.2137273E+00 -0.6116159E-01 -0.7195097E-01  0.7994336E+00 -0.5964301E+00  0.4201028E-03
    1 -0.2040108E-01  0.2266748E+00 -0.4366665E-01 -0.7195108E-01  0.7994356E+00 -0.5964276E+00  0.4455679E-03
    1 -0.2156643E-01  0.2396226E+00 -0.2617116E-01 -0.7195095E-01  0.7994356E+00 -0.5964274E+00  0.4710331E-03
    1 -0.2273178E-01  0.2525708E+00 -0.8675208E-02 -0.7195105E-01  0.7994336E+00 -0.5964302E+00  0.4964984E-03
    1 -0.3831673E-01  0.2111426E+00 -0.6116160E-01 -0.1433228E+00  0.7897660E+00 -0.5964296E+00  0.4201046E-03
    1 -0.4063794E-01  0.2239335E+00 -0.4366666E-01 -0.1433233E+00  0.7897671E+00 -0.5964280E+00  0.4455672E-03
    1 -0.4295921E-01  0.2367247E+00 -0.2617116E-01 -0.1433219E+00  0.7897671E+00 -0.5964284E+00  0.4710307E-03
    1 -0.4528055E-01  0.2495164E+00 -0.8675196E-02 -0.1433215E+00  0.7897666E+00 -0.5964292E+00  0.4964966E-03
    1 -0.5708915E-01  0.2068579E+00 -0.6116160E-01 -0.2135379E+00  0.7737401E+00 -0.5964292E+00  0.4201016E-03
    1 -0.6054758E-01  0.2193892E+00 -0.4366665E-01 -0.2135366E+00  0.7737406E+00 -0.5964290E+00  0.4455671E-03
    1 -0.6400608E-01  0.2319209E+00 -0.2617116E-01 -0.2135377E+00  0.7737414E+00 -0.5964276E+00  0.4710316E-03
    1 -0.6746471E-01  0.2444530E+00 -0.8675205E-02 -0.2135385E+00  0.7737398E+00 -0.5964293E+00  0.4964965E-03
    1 -0.7540191E-01  0.2009077E+00 -0.6116161E-01 -0.2820386E+00  0.7514826E+00 -0.5964295E+00  0.4201041E-03
    1 -0.7996973E-01  0.2130786E+00 -0.4366666E-01 -0.2820382E+00  0.7514823E+00 -0.5964301E+00  0.4455689E-03
    1 -0.8453767E-01  0.2252498E+00 -0.2617117E-01 -0.2820371E+00  0.7514849E+00 -0.5964273E+00  0.4710320E-03
    1 -0.8910570E-01  0.2374214E+00 -0.8675205E-02 -0.2820349E+00  0.7514836E+00 -0.5964300E+00  0.4964974E-03
    1 -0.9310760E-01  0.1933399E+00 -0.6116161E-01 -0.3482646E+00  0.7231768E+00 -0.5964286E+00  0.4201031E-03
    1 -0.9874800E-01  0.2050523E+00 -0.4366665E-01 -0.3482661E+00  0.7231752E+00 -0.5964296E+00  0.4455671E-03
    1 -0.1043886E+00  0.2167651E+00 -0.2617116E-01 -0.3482648E+00  0.7231756E+00 -0.5964299E+00  0.4710326E-03
    1 -0.1100293E+00  0.2284782E+00 -0.8675203E-02 -0.3482639E+00  0.7231764E+00 -0.5964295E+00  0.4964976E-03
    1 -0.1100636E+00  0.1842155E+00 -0.6116159E-01 -0.4116864E+00  0.6890492E+00 -0.5964273E+00  0.4201008E-03
    1 -0.1167312E+00  0.1953751E+00 -0.4366666E-01 -0.4116846E+00  0.6890480E+00 -0.5964299E+00  0.4455674E-03
    1 -0.1233990E+00  0.2065352E+00 -0.2617116E-01 -0.4116864E+00  0.6890476E+00 -0.5964292E+00  0.4710322E-03
    1 -0.1300670E+00  0.2176954E+00 -0.8675205E-02 -0.4116873E+00  0.6890464E+00 -0.5964299E+00  0.4964978E-03
    1 -0.1261335E+00  0.1736079E+00 -0.6116160E-01 -0.4717935E+00  0.6493724E+00 -0.5964281E+00  0.4201042E-03
    1 -0.1337746E+00  0.1841249E+00 -0.4366666E-01 -0.4717924E+00  0.6493713E+00 -0.5964302E+00  0.4455690E-03
    1 -0.1414159E+00  0.1946423E+00 -0.2617116E-01 -0.4717945E+00  0.6493726E+00 -0.5964271E+00  0.4710312E-03
    1 -0.1490574E+00  0.2051600E+00 -0.8675200E-02 -0.4717940E+00  0.6493701E+00 -0.5964300E+00  0.4964974E-03
    1 -0.1411878E+00  0.1616025E+00 -0.6116161E-01 -0.5281057E+00  0.6044641E+00 -0.5964290E+00  0.4201017E-03
    1 -0.1497409E+00  0.1713923E+00 -0.4366665E-01 -0.5281044E+00  0.6044641E+00 -0.5964302E+00  0.4455671E-03
    1 -0.1582943E+00  0.1811824E+00 -0.2617116E-01 -0.5281050E+00  0.6044664E+00 -0.5964272E+00  0.4710323E-03
    1 -0.1668478E+00  0.1909727E+00 -0.8675210E-02 -0.5281043E+00  0.6044652E+00 -0.5964291E+00  0.4964973E-03
    1 -0.1551054E+00  0.1482959E+00 -0.6116160E-01 -0.5801618E+00  0.5546930E+00 -0.5964295E+00  0.4201032E-03
    1 -0.1645016E+00  0.1572796E+00 -0.4366665E-01 -0.5801623E+00  0.5546921E+00 -0.5964298E+00  0.4455686E-03
    1 -0.1738981E+00  0.1662636E+00 -0.2617117E-01 -0.5801641E+00  0.5546923E+00 -0.5964277E+00  0.4710317E-03
    1 -0.1832948E+00  0.1752478E+00 -0.8675204E-02 -0.5801620E+00  0.5546924E+00 -0.5964296E+00  0.4964964E-03
    1 -0.1677741E+00  0.1337954E+00 -0.6116160E-01 -0.6275502E+00  0.5004524E+00 -0.5964295E+00  0.4201030E-03
    1 -0.1779378E+00  0.1419006E+00 -0.4366666E-01 -0.6275508E+00  0.5004525E+00 -0.5964288E+00  0.4455667E-03
    1 -0.1881017E+00  0.1500061E+00 -0.2617116E-01 -0.6275501E+00  0.5004534E+00 -0.5964287E+00  0.4710315E-03
    1 -0.1982660E+00  0.1581119E+00 -0.8675201E-02 -0.6275497E+00  0.5004529E+00 -0.5964296E+00  0.4964977E-03
    1 -0.1790920E+00  0.1182176E+00 -0.6116161E-01 -0.6698830E+00  0.4421869E+00 -0.5964290E+00  0.4201034E-03
    1 -0.1899413E+00  0.1253792E+00 -0.4366665E-01 -0.6698822E+00  0.4421874E+00 -0.5964295E+00  0.4455682E-03
    1 -0.2007910E+00  0.1325409E+00 -0.2617116E-01 -0.6698833E+00  0.4421873E+00 -0.5964283E+00  0.4710333E-03
    1 -0.2116408E+00  0.1397029E+00 -0.8675208E-02 -0.6698833E+00  0.4421863E+00 -0.5964292E+00  0.4964977E-03
    1 -0.1889680E+00  0.1016880E+00 -0.6116160E-01 -0.7068234E+00  0.3803596E+00 -0.5964288E+00  0.4201026E-03
    1 -0.2004156E+00  0.1078482E+00 -0.4366666E-01 -0.7068236E+00  0.3803582E+00 -0.5964295E+00  0.4455679E-03
    1 -0.2118635E+00  0.1140086E+00 -0.2617116E-01 -0.7068245E+00  0.3803585E+00 -0.5964280E+00  0.4710314E-03
    1 -0.2233118E+00  0.1201691E+00 -0.8675199E-02 -0.7068241E+00  0.3803583E+00 -0.5964289E+00  0.4964973E-03
    1 -0.1973225E+00  0.8433969E-01 -0.6116161E-01 -0.7380738E+00  0.3154656E+00 -0.5964298E+00  0.4201039E-03
    1 -0.2092762E+00  0.8944894E-01 -0.4366665E-01 -0.7380747E+00  0.3154668E+00 -0.5964281E+00  0.4455670E-03
    1 -0.2212303E+00  0.9455832E-01 -0.2617116E-01 -0.7380737E+00  0.3154666E+00 -0.5964294E+00  0.4710325E-03
    1 -0.2331846E+00  0.9966786E-01 -0.8675209E-02 -0.7380740E+00  0.3154679E+00 -0.5964285E+00  0.4964961E-03
    1 -0.2040883E+00  0.6631230E-01 -0.6116160E-01 -0.7633794E+00  0.2480373E+00 -0.5964307E+00  0.4201030E-03
    1 -0.2164519E+00  0.7032949E-01 -0.4366666E-01 -0.7633805E+00  0.2480388E+00 -0.5964285E+00  0.4455667E-03
    1 -0.2288158E+00  0.7434677E-01 -0.2617116E-01 -0.7633809E+00  0.2480377E+00 -0.5964285E+00  0.4710309E-03
    1 -0.2411800E+00  0.7836415E-01 -0.8675198E-02 -0.7633811E+00  0.2480362E+00 -0.5964288E+00  0.4964963E-03
    1 -0.2092109E+00  0.4775102E-01 -0.6116160E-01 -0.7825411E+00  0.1786080E+00 -0.5964299E+00  0.4201032E-03
    1 -0.2218848E+00  0.5064376E-01 -0.4366665E-01 -0.7825413E+00  0.1786079E+00 -0.5964296E+00  0.4455689E-03
    1 -0.2345590E+00  0.5353656E-01 -0.2617116E-01 -0.7825421E+00  0.1786101E+00 -0.5964279E+00  0.4710333E-03
    1 -0.2472336E+00  0.5642946E-01 -0.8675211E-02 -0.7825402E+00  0.1786118E+00 -0.5964299E+00  0.4964982E-03
    1 -0.2126490E+00  0.2880527E-01 -0.6116160E-01 -0.7954009E+00  0.1077444E+00 -0.5964298E+00  0.4201030E-03
    1 -0.2255311E+00  0.3055027E-01 -0.4366665E-01 -0.7954020E+00  0.1077432E+00 -0.5964286E+00  0.4455668E-03
    1 -0.2384137E+00  0.3229532E-01 -0.2617116E-01 -0.7954013E+00  0.1077421E+00 -0.5964296E+00  0.4710317E-03
    1 -0.2512966E+00  0.3404044E-01 -0.8675199E-02 -0.7954008E+00  0.1077428E+00 -0.5964304E+00  0.4964976E-03
    1 -0.2143750E+00  0.9627597E-02 -0.6116160E-01 -0.8018568E+00  0.3601189E-01 -0.5964301E+00  0.4201035E-03
    1 -0.2273618E+00  0.1021082E-01 -0.4366666E-01 -0.8018575E+00  0.3601389E-01 -0.5964288E+00  0.4455675E-03
    1 -0.2403488E+00  0.1079408E-01 -0.2617116E-01 -0.8018578E+00  0.3601374E-01 -0.5964285E+00  0.4710321E-03
    1 -0.2533363E+00  0.1137734E-01 -0.8675204E-02 -0.8018565E+00  0.3601195E-01 -0.5964306E+00  0.4964976E-03
    1  0.1884032E+00  0.8461203E-02 -0.7373564E-01  0.1886073E+00  0.8470519E-02 -0.9820160E+00  0.2242189E-03
    1  0.2013888E+00  0.9044388E-02 -0.7123657E-01  0.1886082E+00  0.8470533E-02 -0.9820158E+00  0.2396832E-03
    1  0.1868863E+00  0.2531548E-01 -0.7373564E-01  0.1870890E+00  0.2534255E-01 -0.9820160E+00  0.2242186E-03
    1  0.1997674E+00  0.2706033E-01 -0.7123657E-01  0.1870898E+00  0.2534285E-01 -0.9820159E+00  0.2396829E-03
    1  0.1838647E+00  0.4196591E-01 -0.7373563E-01  0.1840640E+00  0.4201224E-01 -0.9820160E+00  0.2242180E-03
    1  0.1965375E+00  0.4485840E-01 -0.7123657E-01  0.1840642E+00  0.4201166E-01 -0.9820160E+00  0.2396832E-03
    1  0.1793626E+00  0.5827844E-01 -0.7373562E-01  0.1795578E+00  0.5834179E-01 -0.9820158E+00  0.2242179E-03
    1  0.1917252E+00  0.6229527E-01 -0.7123657E-01  0.1795565E+00  0.5834166E-01 -0.9820161E+00  0.2396848E-03
    1  0.1734166E+00  0.7412180E-01 -0.7373564E-01  0.1736049E+00  0.7420196E-01 -0.9820160E+00  0.2242179E-03
    1  0.1853693E+00  0.7923061E-01 -0.7123657E-01  0.1736045E+00  0.7420104E-01 -0.9820161E+00  0.2396847E-03
    1  0.1660743E+00  0.8936833E-01 -0.7373564E-01  0.1662539E+00  0.8946451E-01 -0.9820161E+00  0.2242193E-03
    1  0.1775209E+00  0.9552803E-01 -0.7123657E-01  0.1662543E+00  0.8946521E-01 -0.9820160E+00  0.2396838E-03
    1  0.1573948E+00  0.1038954E+00 -0.7373563E-01  0.1575651E+00  0.1040082E+00 -0.9820160E+00  0.2242196E-03
    1  0.1682432E+00  0.1110563E+00 -0.7123657E-01  0.1575653E+00  0.1040085E+00 -0.9820160E+00  0.2396845E-03
    1  0.1474480E+00  0.1175859E+00 -0.7373563E-01  0.1476077E+00  0.1177137E+00 -0.9820160E+00  0.2242181E-03
    1  0.1576108E+00  0.1256905E+00 -0.7123657E-01  0.1476076E+00  0.1177130E+00 -0.9820161E+00  0.2396843E-03
    1  0.1363141E+00  0.1303296E+00 -0.7373563E-01  0.1364619E+00  0.1304711E+00 -0.9820160E+00  0.2242187E-03
    1  0.1457095E+00  0.1393126E+00 -0.7123657E-01  0.1364612E+00  0.1304705E+00 -0.9820162E+00  0.2396852E-03
    1  0.1240827E+00  0.1420240E+00 -0.7373564E-01  0.1242176E+00  0.1421783E+00 -0.9820160E+00  0.2242180E-03
    1  0.1326351E+00  0.1518130E+00 -0.7123657E-01  0.1242166E+00  0.1421771E+00 -0.9820163E+00  0.2396850E-03
    1  0.1108522E+00  0.1525750E+00 -0.7373564E-01  0.1109724E+00  0.1527404E+00 -0.9820160E+00  0.2242183E-03
    1  0.1184927E+00  0.1630912E+00 -0.7123657E-01  0.1109721E+00  0.1527398E+00 -0.9820162E+00  0.2396851E-03
    1  0.9672926E-01  0.1618975E+00 -0.7373564E-01  0.9683434E-01  0.1620728E+00 -0.9820160E+00  0.2242184E-03
    1  0.1033963E+00  0.1730562E+00 -0.7123657E-01  0.9683390E-01  0.1620731E+00 -0.9820160E+00  0.2396833E-03
    1  0.8182749E-01  0.1699165E+00 -0.7373563E-01  0.8191685E-01  0.1701011E+00 -0.9820159E+00  0.2242186E-03
    1  0.8746742E-01  0.1816279E+00 -0.7123657E-01  0.8191644E-01  0.1701010E+00 -0.9820160E+00  0.2396846E-03
    1  0.6626686E-01  0.1765674E+00 -0.7373563E-01  0.6633858E-01  0.1767592E+00 -0.9820160E+00  0.2242179E-03
    1  0.7083426E-01  0.1887373E+00 -0.7123657E-01  0.6633911E-01  0.1767591E+00 -0.9820160E+00  0.2396834E-03
    1  0.5017271E-01  0.1817967E+00 -0.7373563E-01  0.5022727E-01  0.1819940E+00 -0.9820160E+00  0.2242187E-03
    1  0.5363085E-01  0.1943270E+00 -0.7123657E-01  0.5022701E-01  0.1819938E+00 -0.9820160E+00  0.2396838E-03
    1  0.3367459E-01  0.1855623E+00 -0.7373564E-01  0.3371057E-01  0.1857637E+00 -0.9820160E+00  0.2242181E-03
    1  0.3599561E-01  0.1983522E+00 -0.7123657E-01  0.3371096E-01  0.1857632E+00 -0.9820161E+00  0.2396846E-03
    1  0.1690538E-01  0.1878338E+00 -0.7373563E-01  0.1692378E-01  0.1880374E+00 -0.9820160E+00  0.2242185E-03
    1  0.1807057E-01  0.2007803E+00 -0.7123657E-01  0.1692373E-01  0.1880367E+00 -0.9820162E+00  0.2396843E-03
    1 -0.3492460E-09  0.1885931E+00 -0.7373564E-01  0.0000000E+00  0.1887975E+00 -0.9820160E+00  0.2242195E-03
    1 -0.1164153E-09  0.2015918E+00 -0.7123657E-01  0.0000000E+00  0.1887968E+00 -0.9820162E+00  0.2396861E-03
    1 -0.1690538E-01  0.1878338E+00 -0.7373564E-01 -0.1692379E-01  0.1880374E+00 -0.9820160E+00  0.2242184E-03
    1 -0.1807057E-01  0.2007803E+00 -0.7123657E-01 -0.1692373E-01  0.1880367E+00 -0.9820162E+00  0.2396843E-03
    1 -0.3367460E-01  0.1855623E+00 -0.7373564E-01 -0.3371056E-01  0.1857637E+00 -0.9820160E+00  0.2242181E-03
    1 -0.3599561E-01  0.1983522E+00 -0.7123656E-01 -0.3371096E-01  0.1857632E+00 -0.9820161E+00  0.2396846E-03
    1 -0.5017272E-01  0.1817967E+00 -0.7373563E-01 -0.5022727E-01  0.1819940E+00 -0.9820160E+00  0.2242187E-03
    1 -0.5363085E-01  0.1943270E+00 -0.7123657E-01 -0.5022701E-01  0.1819938E+00 -0.9820160E+00  0.2396838E-03
    1 -0.6626686E-01  0.1765674E+00 -0.7373564E-01 -0.6633859E-01  0.1767593E+00 -0.9820160E+00  0.2242178E-03
    1 -0.7083426E-01  0.1887373E+00 -0.7123656E-01 -0.6633911E-01  0.1767591E+00 -0.9820160E+00  0.2396834E-03
    1 -0.8182748E-01  0.1699165E+00 -0.7373563E-01 -0.8191684E-01  0.1701011E+00 -0.9820159E+00  0.2242187E-03
    1 -0.8746742E-01  0.1816279E+00 -0.7123657E-01 -0.8191644E-01  0.1701010E+00 -0.9820160E+00  0.2396846E-03
    1 -0.9672927E-01  0.1618975E+00 -0.7373563E-01 -0.9683435E-01  0.1620728E+00 -0.9820160E+00  0.2242184E-03
    1 -0.1033963E+00  0.1730562E+00 -0.7123657E-01 -0.9683389E-01  0.1620730E+00 -0.9820160E+00  0.2396833E-03
    1 -0.1108522E+00  0.1525750E+00 -0.7373562E-01 -0.1109724E+00  0.1527404E+00 -0.9820160E+00  0.2242183E-03
    1 -0.1184927E+00  0.1630912E+00 -0.7123657E-01 -0.1109721E+00  0.1527398E+00 -0.9820162E+00  0.2396851E-03
    1 -0.1240827E+00  0.1420240E+00 -0.7373564E-01 -0.1242176E+00  0.1421783E+00 -0.9820160E+00  0.2242180E-03
    1 -0.1326351E+00  0.1518130E+00 -0.7123657E-01 -0.1242166E+00  0.1421771E+00 -0.9820163E+00  0.2396850E-03
    1 -0.1363141E+00  0.1303296E+00 -0.7373564E-01 -0.1364619E+00  0.1304711E+00 -0.9820160E+00  0.2242187E-03
    1 -0.1457095E+00  0.1393126E+00 -0.7123657E-01 -0.1364612E+00  0.1304705E+00 -0.9820162E+00  0.2396852E-03
    1 -0.1474480E+00  0.1175859E+00 -0.7373563E-01 -0.1476077E+00  0.1177137E+00 -0.9820160E+00  0.2242181E-03
    1 -0.1576108E+00  0.1256904E+00 -0.7123657E-01 -0.1476076E+00  0.1177130E+00 -0.9820161E+00  0.2396843E-03
    1 -0.1573948E+00  0.1038954E+00 -0.7373564E-01 -0.1575651E+00  0.1040082E+00 -0.9820161E+00  0.2242196E-03
    1 -0.1682432E+00  0.1110563E+00 -0.7123657E-01 -0.1575653E+00  0.1040085E+00 -0.9820160E+00  0.2396845E-03
    1 -0.1660742E+00  0.8936833E-01 -0.7373564E-01 -0.1662539E+00  0.8946451E-01 -0.9820161E+00  0.2242193E-03
    1 -0.1775209E+00  0.9552804E-01 -0.7123657E-01 -0.1662543E+00  0.8946522E-01 -0.9820160E+00  0.2396838E-03
    1 -0.1734165E+00  0.7412179E-01 -0.7373563E-01 -0.1736050E+00  0.7420196E-01 -0.9820160E+00  0.2242179E-03
    1 -0.1853693E+00  0.7923061E-01 -0.7123657E-01 -0.1736045E+00  0.7420104E-01 -0.9820161E+00  0.2396847E-03
    1 -0.1793626E+00  0.5827845E-01 -0.7373564E-01 -0.1795578E+00  0.5834178E-01 -0.9820158E+00  0.2242179E-03
    1 -0.1917252E+00  0.6229526E-01 -0.7123657E-01 -0.1795565E+00  0.5834167E-01 -0.9820161E+00  0.2396848E-03
    1 -0.1838647E+00  0.4196591E-01 -0.7373563E-01 -0.1840640E+00  0.4201223E-01 -0.9820160E+00  0.2242180E-03
    1 -0.1965375E+00  0.4485840E-01 -0.7123657E-01 -0.1840642E+00  0.4201166E-01 -0.9820160E+00  0.2396831E-03
    1 -0.1868863E+00  0.2531548E-01 -0.7373564E-01 -0.1870890E+00  0.2534255E-01 -0.9820160E+00  0.2242186E-03
    1 -0.1997673E+00  0.2706033E-01 -0.7123657E-01 -0.1870898E+00  0.2534285E-01 -0.9820159E+00  0.2396828E-03
    1 -0.1884032E+00  0.8461203E-02 -0.7373563E-01 -0.1886073E+00  0.8470519E-02 -0.9820161E+00  0.2242189E-03
    1 -0.2013888E+00  0.9044388E-02 -0.7123657E-01 -0.1886082E+00  0.8470537E-02 -0.9820158E+00  0.2396832E-03
    1  0.1731747E-01  0.7777334E-03 -0.7500000E-01  0.0000000E+00  0.0000000E+00 -0.1000000E+01  0.3036496E-04
    1  0.4040739E-01  0.1814712E-02 -0.7500000E-01  0.0000000E+00  0.0000000E+00 -0.1000000E+01  0.9109466E-04
    1  0.6580629E-01  0.2955358E-02 -0.7500000E-01  0.0000000E+00  0.0000000E+00 -0.1000000E+01  0.1518234E-03
    1  0.9153512E-01  0.4110823E-02 -0.7500000E-01  0.0000000E+00  0.0000000E+00 -0.1000000E+01  0.2125517E-03
    1  0.1173739E+00  0.5271254E-02 -0.7500000E-01  0.0000000E+00  0.0000000E+00 -0.1000000E+01  0.2732820E-03
    1  0.1432626E+00  0.6433930E-02 -0.7500000E-01  0.0000000E+00  0.0000000E+00 -0.1000000E+01  0.3340113E-03
    1  0.1691782E+00  0.7597805E-02 -0.7500000E-01  0.0000000E+00  0.0000000E+00 -0.1000000E+01  0.3947419E-03
    1  0.1717803E-01  0.2326933E-02 -0.7500000E-01  0.0000000E+00  0.0000000E+00 -0.1000000E+01  0.3036475E-04
    1  0.4008208E-01  0.5429511E-02 -0.7500000E-01  0.0000000E+00  0.0000000E+00 -0.1000000E+01  0.9109425E-04
    1  0.6527654E-01  0.8842294E-02 -0.7500000E-01  0.0000000E+00  0.0000000E+00 -0.1000000E+01  0.1518237E-03
    1  0.9079812E-01  0.1229940E-01 -0.7500000E-01  0.0000000E+00  0.0000000E+00 -0.1000000E+01  0.2125524E-03
    1  0.1164288E+00  0.1577134E-01 -0.7500000E-01  0.0000000E+00  0.0000000E+00 -0.1000000E+01  0.2732827E-03
    1  0.1421091E+00  0.1924999E-01 -0.7500000E-01  0.0000000E+00  0.0000000E+00 -0.1000000E+01  0.3340123E-03
    1  0.1678161E+00  0.2273225E-01 -0.7500000E-01  0.0000000E+00  0.0000000E+00 -0.1000000E+01  0.3947418E-03
    1  0.1690030E-01  0.3857400E-02 -0.7500000E-01  0.0000000E+00  0.0000000E+00 -0.1000000E+01  0.3036500E-04
    1  0.3943397E-01  0.9000565E-02 -0.7500000E-01  0.0000000E+00  0.0000000E+00 -0.1000000E+01  0.9109383E-04
    1  0.6422113E-01  0.1465805E-01 -0.7500000E-01  0.0000000E+00  0.0000000E+00 -0.1000000E+01  0.1518243E-03
    1  0.8933006E-01  0.2038899E-01 -0.7500000E-01  0.0000000E+00  0.0000000E+00 -0.1000000E+01  0.2125536E-03
    1  0.1145464E+00  0.2614445E-01 -0.7500000E-01  0.0000000E+00  0.0000000E+00 -0.1000000E+01  0.2732825E-03
    1  0.1398115E+00  0.3191107E-01 -0.7500000E-01  0.0000000E+00  0.0000000E+00 -0.1000000E+01  0.3340121E-03
    1  0.1651028E+00  0.3768365E-01 -0.7500000E-01  0.0000000E+00  0.0000000E+00 -0.1000000E+01  0.3947415E-03
    1  0.1648650E-01  0.5356800E-02 -0.7500000E-01  0.0000000E+00  0.0000000E+00 -0.1000000E+01  0.3036436E-04
    1  0.3846848E-01  0.1249918E-01 -0.7500000E-01  0.0000000E+00  0.0000000E+00 -0.1000000E+01  0.9109392E-04
    1  0.6264859E-01  0.2035579E-01 -0.7500000E-01  0.0000000E+00  0.0000000E+00 -0.1000000E+01  0.1518243E-03
    1  0.8714281E-01  0.2831441E-01 -0.7500000E-01  0.0000000E+00  0.0000000E+00 -0.1000000E+01  0.2125528E-03
    1  0.1117417E+00  0.3630705E-01 -0.7500000E-01  0.0000000E+00  0.0000000E+00 -0.1000000E+01  0.2732826E-03
    1  0.1363881E+00  0.4431519E-01 -0.7500000E-01  0.0000000E+00  0.0000000E+00 -0.1000000E+01  0.3340101E-03
    1  0.1610602E+00  0.5233165E-01 -0.7500001E-01  0.0000000E+00  0.0000000E+00 -0.1000000E+01  0.3947409E-03
    1  0.1593993E-01  0.6813067E-02 -0.7500000E-01  0.0000000E+00  0.0000000E+00 -0.1000000E+01  0.3036525E-04
    1  0.3719311E-01  0.1589710E-01 -0.7500000E-01  0.0000000E+00  0.0000000E+00 -0.1000000E+01  0.9109346E-04
    1  0.6057177E-01  0.2588961E-01 -0.7500000E-01  0.0000000E+00  0.0000000E+00 -0.1000000E+01  0.1518218E-03
    1  0.8425394E-01  0.3601186E-01 -0.7500000E-01  0.0000000E+00  0.0000000E+00 -0.1000000E+01  0.2125525E-03
    1  0.1080373E+00  0.4617736E-01 -0.7500000E-01  0.0000000E+00  0.0000000E+00 -0.1000000E+01  0.2732842E-03
    1  0.1318666E+00  0.5636251E-01 -0.7500000E-01  0.0000000E+00  0.0000000E+00 -0.1000000E+01  0.3340122E-03
    1  0.1557208E+00  0.6655827E-01 -0.7500000E-01  0.0000000E+00  0.0000000E+00 -0.1000000E+01  0.3947407E-03
    1  0.1526503E-01  0.8214466E-02 -0.7500000E-01  0.0000000E+00  0.0000000E+00 -0.1000000E+01  0.3036376E-04
    1  0.3561852E-01  0.1916713E-01 -0.7500000E-01  0.0000000E+00  0.0000000E+00 -0.1000000E+01  0.9109435E-04
    1  0.5800715E-01  0.3121496E-01 -0.7500000E-01  0.0000000E+00  0.0000000E+00 -0.1000000E+01  0.1518247E-03
    1  0.8068664E-01  0.4341932E-01 -0.7500000E-01  0.0000000E+00  0.0000000E+00 -0.1000000E+01  0.2125521E-03
    1  0.1034631E+00  0.5567586E-01 -0.7500000E-01  0.0000000E+00  0.0000000E+00 -0.1000000E+01  0.2732811E-03
    1  0.1262835E+00  0.6795608E-01 -0.7500000E-01  0.0000000E+00  0.0000000E+00 -0.1000000E+01  0.3340115E-03
    1  0.1491277E+00  0.8024902E-01 -0.7500000E-01  0.0000000E+00  0.0000000E+00 -0.1000000E+01  0.3947406E-03
    1  0.1446727E-01  0.9549733E-02 -0.7500000E-01  0.0000000E+00  0.0000000E+00 -0.1000000E+01  0.3036471E-04
    1  0.3375692E-01  0.2228273E-01 -0.7500000E-01  0.0000000E+00  0.0000000E+00 -0.1000000E+01  0.9109372E-04
    1  0.5497556E-01  0.3628904E-01 -0.7500000E-01  0.0000000E+00  0.0000000E+00 -0.1000000E+01  0.1518228E-03
    1  0.7646979E-01  0.5047726E-01 -0.7500000E-01  0.0000000E+00  0.0000000E+00 -0.1000000E+01  0.2125539E-03
    1  0.9805581E-01  0.6472608E-01 -0.7500000E-01  0.0000000E+00  0.0000000E+00 -0.1000000E+01  0.2732846E-03
    1  0.1196836E+00  0.7900248E-01 -0.7500000E-01  0.0000000E+00  0.0000000E+00 -0.1000000E+01  0.3340126E-03
    1  0.1413339E+00  0.9329370E-01 -0.7500000E-01  0.0000000E+00  0.0000000E+00 -0.1000000E+01  0.3947420E-03
    1  0.1355300E-01  0.1080813E-01 -0.7500000E-01  0.0000000E+00  0.0000000E+00 -0.1000000E+01  0.3036495E-04
    1  0.3162361E-01  0.2521898E-01 -0.7500000E-01  0.0000000E+00  0.0000000E+00 -0.1000000E+01  0.9109455E-04
    1  0.5150130E-01  0.4107091E-01 -0.7500001E-01  0.0000000E+00  0.0000000E+00 -0.1000000E+01  0.1518247E-03
    1  0.7163713E-01  0.5712871E-01 -0.7500000E-01  0.0000000E+00  0.0000000E+00 -0.1000000E+01  0.2125527E-03
    1  0.9185909E-01  0.7325518E-01 -0.7500001E-01  0.0000000E+00  0.0000000E+00 -0.1000000E+01  0.2732807E-03
    1  0.1121201E+00  0.8941280E-01 -0.7500001E-01  0.0000000E+00  0.0000000E+00 -0.1000000E+01  0.3340109E-03
    1  0.1324021E+00  0.1055872E+00 -0.7500000E-01  0.0000000E+00  0.0000000E+00 -0.1000000E+01  0.3947407E-03
    1  0.1252960E-01  0.1197950E-01 -0.7500000E-01  0.0000000E+00  0.0000000E+00 -0.1000000E+01  0.3036459E-04
    1  0.2923568E-01  0.2795217E-01 -0.7500000E-01  0.0000000E+00  0.0000000E+00 -0.1000000E+01  0.9109356E-04
    1  0.4761238E-01  0.4552210E-01 -0.7500001E-01  0.0000000E+00  0.0000000E+00 -0.1000000E+01  0.1518230E-03
    1  0.6622779E-01  0.6332026E-01 -0.7500000E-01  0.0000000E+00  0.0000000E+00 -0.1000000E+01  0.2125534E-03
    1  0.8492275E-01  0.8119444E-01 -0.7500000E-01  0.0000000E+00  0.0000000E+00 -0.1000000E+01  0.2732832E-03
    1  0.1036538E+00  0.9910318E-01 -0.7500000E-01  0.0000000E+00  0.0000000E+00 -0.1000000E+01  0.3340115E-03
    1  0.1224044E+00  0.1170305E+00 -0.7500000E-01  0.0000000E+00  0.0000000E+00 -0.1000000E+01  0.3947415E-03
    1  0.1140530E-01  0.1305443E-01 -0.7500000E-01  0.0000000E+00  0.0000000E+00 -0.1000000E+01  0.3036596E-04
    1  0.2661231E-01  0.3046025E-01 -0.7500000E-01  0.0000000E+00  0.0000000E+00 -0.1000000E+01  0.9109496E-04
    1  0.4334016E-01  0.4960683E-01 -0.7500001E-01  0.0000000E+00  0.0000000E+00 -0.1000000E+01  0.1518243E-03
    1  0.6028517E-01  0.6900194E-01 -0.7500000E-01  0.0000000E+00  0.0000000E+00 -0.1000000E+01  0.2125538E-03
    1  0.7730265E-01  0.8848001E-01 -0.7500000E-01  0.0000000E+00  0.0000000E+00 -0.1000000E+01  0.2732828E-03
    1  0.9435298E-01  0.1079957E+00 -0.7500000E-01  0.0000000E+00  0.0000000E+00 -0.1000000E+01  0.3340114E-03
    1  0.1114211E+00  0.1275317E+00 -0.7500000E-01  0.0000000E+00  0.0000000E+00 -0.1000000E+01  0.3947410E-03
    1  0.1018920E-01  0.1402423E-01 -0.7500000E-01  0.0000000E+00  0.0000000E+00 -0.1000000E+01  0.3036309E-04
    1  0.2377487E-01  0.3272331E-01 -0.7500001E-01  0.0000000E+00  0.0000000E+00 -0.1000000E+01  0.9109286E-04
    1  0.3871893E-01  0.5329205E-01 -0.7500000E-01  0.0000000E+00  0.0000000E+00 -0.1000000E+01  0.1518226E-03
    1  0.5385722E-01  0.7412812E-01 -0.7500000E-01  0.0000000E+00  0.0000000E+00 -0.1000000E+01  0.2125524E-03
    1  0.6906012E-01  0.9505311E-01 -0.7500000E-01  0.0000000E+00  0.0000000E+00 -0.1000000E+01  0.2732822E-03
    1  0.8429250E-01  0.1160186E+00 -0.7500000E-01  0.0000000E+00  0.0000000E+00 -0.1000000E+01  0.3340102E-03
    1  0.9954068E-01  0.1370060E+00 -0.7500000E-01  0.0000000E+00  0.0000000E+00 -0.1000000E+01  0.3947401E-03
    1  0.8891067E-02  0.1488110E-01 -0.7500000E-01  0.0000000E+00  0.0000000E+00 -0.1000000E+01  0.3036540E-04
    1  0.2074578E-01  0.3472259E-01 -0.7500000E-01  0.0000000E+00  0.0000000E+00 -0.1000000E+01  0.9109531E-04
    1  0.3378602E-01  0.5654827E-01 -0.7500000E-01  0.0000000E+00  0.0000000E+00 -0.1000000E+01  0.1518239E-03
    1  0.4699561E-01  0.7865739E-01 -0.7500000E-01  0.0000000E+00  0.0000000E+00 -0.1000000E+01  0.2125528E-03
    1  0.6026164E-01  0.1008610E+00 -0.7500000E-01  0.0000000E+00  0.0000000E+00 -0.1000000E+01  0.2732819E-03
    1  0.7355332E-01  0.1231075E+00 -0.7500000E-01  0.0000000E+00  0.0000000E+00 -0.1000000E+01  0.3340141E-03
    1  0.8685883E-01  0.1453772E+00 -0.7500000E-01  0.0000000E+00  0.0000000E+00 -0.1000000E+01  0.3947426E-03
    1  0.7521333E-02  0.1561820E-01 -0.7500000E-01  0.0000000E+00  0.0000000E+00 -0.1000000E+01  0.3036446E-04
    1  0.1754977E-01  0.3644248E-01 -0.7500001E-01  0.0000000E+00  0.0000000E+00 -0.1000000E+01  0.9109295E-04
    1  0.2858109E-01  0.5934926E-01 -0.7500000E-01  0.0000000E+00  0.0000000E+00 -0.1000000E+01  0.1518234E-03
    1  0.3975561E-01  0.8255340E-01 -0.7500000E-01  0.0000000E+00  0.0000000E+00 -0.1000000E+01  0.2125545E-03
    1  0.5097793E-01  0.1058568E+00 -0.7500000E-01  0.0000000E+00  0.0000000E+00 -0.1000000E+01  0.2732825E-03
    1  0.6222194E-01  0.1292052E+00 -0.7500000E-01  0.0000000E+00  0.0000000E+00 -0.1000000E+01  0.3340114E-03
    1  0.7347767E-01  0.1525780E+00 -0.7500000E-01  0.0000000E+00  0.0000000E+00 -0.1000000E+01  0.3947407E-03
    1  0.6091067E-02  0.1622953E-01 -0.7500000E-01  0.0000000E+00  0.0000000E+00 -0.1000000E+01  0.3036436E-04
    1  0.1421248E-01  0.3786899E-01 -0.7500000E-01  0.0000000E+00  0.0000000E+00 -0.1000000E+01  0.9109489E-04
    1  0.2314596E-01  0.6167223E-01 -0.7500000E-01  0.0000000E+00  0.0000000E+00 -0.1000000E+01  0.1518239E-03
    1  0.3219554E-01  0.8578476E-01 -0.7500000E-01  0.0000000E+00  0.0000000E+00 -0.1000000E+01  0.2125524E-03
    1  0.4128380E-01  0.1100003E+00 -0.7500000E-01  0.0000000E+00  0.0000000E+00 -0.1000000E+01  0.2732812E-03
    1  0.5038961E-01  0.1342627E+00 -0.7500000E-01  0.0000000E+00  0.0000000E+00 -0.1000000E+01  0.3340119E-03
    1  0.5950489E-01  0.1585502E+00 -0.7500000E-01  0.0000000E+00  0.0000000E+00 -0.1000000E+01  0.3947420E-03
    1  0.4611734E-02  0.1671020E-01 -0.7500000E-01  0.0000000E+00  0.0000000E+00 -0.1000000E+01  0.3036531E-04
    1  0.1076067E-01  0.3899045E-01 -0.7500000E-01  0.0000000E+00  0.0000000E+00 -0.1000000E+01  0.9109443E-04
    1  0.1752454E-01  0.6349883E-01 -0.7500000E-01  0.0000000E+00  0.0000000E+00 -0.1000000E+01  0.1518233E-03
    1  0.2437626E-01  0.8832540E-01 -0.7500000E-01  0.0000000E+00  0.0000000E+00 -0.1000000E+01  0.2125533E-03
    1  0.3125726E-01  0.1132581E+00 -0.7500000E-01  0.0000000E+00  0.0000000E+00 -0.1000000E+01  0.2732832E-03
    1  0.3815153E-01  0.1382390E+00 -0.7500000E-01  0.0000000E+00  0.0000000E+00 -0.1000000E+01  0.3340126E-03
    1  0.4505299E-01  0.1632459E+00 -0.7500000E-01  0.0000000E+00  0.0000000E+00 -0.1000000E+01  0.3947412E-03
    1  0.3095267E-02  0.1705633E-01 -0.7500000E-01  0.0000000E+00  0.0000000E+00 -0.1000000E+01  0.3036464E-04
    1  0.7222290E-02  0.3979811E-01 -0.7500000E-01  0.0000000E+00  0.0000000E+00 -0.1000000E+01  0.9109391E-04
    1  0.1176201E-01  0.6481407E-01 -0.7500000E-01  0.0000000E+00  0.0000000E+00 -0.1000000E+01  0.1518232E-03
    1  0.1636069E-01  0.9015489E-01 -0.7500000E-01  0.0000000E+00  0.0000000E+00 -0.1000000E+01  0.2125523E-03
    1  0.2097903E-01  0.1156040E+00 -0.7500000E-01  0.0000000E+00  0.0000000E+00 -0.1000000E+01  0.2732822E-03
    1  0.2560630E-01  0.1411023E+00 -0.7500000E-01  0.0000000E+00  0.0000000E+00 -0.1000000E+01  0.3340114E-03
    1  0.3023838E-01  0.1666272E+00 -0.7500000E-01  0.0000000E+00  0.0000000E+00 -0.1000000E+01  0.3947408E-03
    1  0.1553900E-02  0.1726513E-01 -0.7500000E-01  0.0000000E+00  0.0000000E+00 -0.1000000E+01  0.3036436E-04
    1  0.3625743E-02  0.4028532E-01 -0.7500000E-01  0.0000000E+00  0.0000000E+00 -0.1000000E+01  0.9109407E-04
    1  0.5904769E-02  0.6560744E-01 -0.7500000E-01  0.0000000E+00  0.0000000E+00 -0.1000000E+01  0.1518242E-03
    1  0.8213422E-02  0.9125848E-01 -0.7500000E-01  0.0000000E+00  0.0000000E+00 -0.1000000E+01  0.2125523E-03
    1  0.1053191E-01  0.1170192E+00 -0.7500000E-01  0.0000000E+00  0.0000000E+00 -0.1000000E+01  0.2732826E-03
    1  0.1285489E-01  0.1428297E+00 -0.7500000E-01  0.0000000E+00  0.0000000E+00 -0.1000000E+01  0.3340127E-03
    1  0.1518031E-01  0.1686670E+00 -0.7500000E-01  0.0000000E+00  0.0000000E+00 -0.1000000E+01  0.3947405E-03
    1  0.0000000E+00  0.1733493E-01 -0.7500000E-01  0.0000000E+00  0.0000000E+00 -0.1000000E+01  0.3036560E-04
    1 -0.2910383E-10  0.4044804E-01 -0.7500000E-01  0.0000000E+00  0.0000000E+00 -0.1000000E+01  0.9109385E-04
    1 -0.2910383E-10  0.6587267E-01 -0.7500000E-01  0.0000000E+00  0.0000000E+00 -0.1000000E+01  0.1518228E-03
    1  0.1164153E-09  0.9162737E-01 -0.7500000E-01  0.0000000E+00  0.0000000E+00 -0.1000000E+01  0.2125532E-03
    1 -0.1164153E-09  0.1174921E+00 -0.7500000E-01  0.0000000E+00  0.0000000E+00 -0.1000000E+01  0.2732826E-03
    1  0.0000000E+00  0.1434070E+00 -0.7500000E-01  0.0000000E+00  0.0000000E+00 -0.1000000E+01  0.3340113E-03
    1  0.1164153E-09  0.1693487E+00 -0.7500000E-01  0.0000000E+00  0.0000000E+00 -0.1000000E+01  0.3947410E-03
    1 -0.1553900E-02  0.1726513E-01 -0.7500000E-01  0.0000000E+00  0.0000000E+00 -0.1000000E+01  0.3036436E-04
    1 -0.3625743E-02  0.4028532E-01 -0.7500000E-01  0.0000000E+00  0.0000000E+00 -0.1000000E+01  0.9109407E-04
    1 -0.5904768E-02  0.6560744E-01 -0.7500000E-01  0.0000000E+00  0.0000000E+00 -0.1000000E+01  0.1518242E-03
    1 -0.8213422E-02  0.9125848E-01 -0.7500000E-01  0.0000000E+00  0.0000000E+00 -0.1000000E+01  0.2125523E-03
    1 -0.1053191E-01  0.1170191E+00 -0.7500000E-01  0.0000000E+00  0.0000000E+00 -0.1000000E+01  0.2732826E-03
    1 -0.1285489E-01  0.1428296E+00 -0.7500000E-01  0.0000000E+00  0.0000000E+00 -0.1000000E+01  0.3340127E-03
    1 -0.1518031E-01  0.1686670E+00 -0.7500000E-01  0.0000000E+00  0.0000000E+00 -0.1000000E+01  0.3947405E-03
    1 -0.3095267E-02  0.1705633E-01 -0.7500000E-01  0.0000000E+00  0.0000000E+00 -0.1000000E+01  0.3036464E-04
    1 -0.7222289E-02  0.3979811E-01 -0.7500000E-01  0.0000000E+00  0.0000000E+00 -0.1000000E+01  0.9109391E-04
    1 -0.1176201E-01  0.6481406E-01 -0.7500000E-01  0.0000000E+00  0.0000000E+00 -0.1000000E+01  0.1518232E-03
    1 -0.1636070E-01  0.9015489E-01 -0.7500000E-01  0.0000000E+00  0.0000000E+00 -0.1000000E+01  0.2125523E-03
    1 -0.2097903E-01  0.1156040E+00 -0.7500000E-01  0.0000000E+00  0.0000000E+00 -0.1000000E+01  0.2732822E-03
    1 -0.2560630E-01  0.1411023E+00 -0.7500000E-01  0.0000000E+00  0.0000000E+00 -0.1000000E+01  0.3340114E-03
    1 -0.3023838E-01  0.1666272E+00 -0.7500000E-01  0.0000000E+00  0.0000000E+00 -0.1000000E+01  0.3947408E-03
    1 -0.4611734E-02  0.1671020E-01 -0.7500000E-01  0.0000000E+00  0.0000000E+00 -0.1000000E+01  0.3036531E-04
    1 -0.1076067E-01  0.3899045E-01 -0.7500000E-01  0.0000000E+00  0.0000000E+00 -0.1000000E+01  0.9109443E-04
    1 -0.1752454E-01  0.6349883E-01 -0.7500000E-01  0.0000000E+00  0.0000000E+00 -0.1000000E+01  0.1518233E-03
    1 -0.2437626E-01  0.8832540E-01 -0.7500000E-01  0.0000000E+00  0.0000000E+00 -0.1000000E+01  0.2125533E-03
    1 -0.3125725E-01  0.1132581E+00 -0.7500000E-01  0.0000000E+00  0.0000000E+00 -0.1000000E+01  0.2732832E-03
    1 -0.3815154E-01  0.1382390E+00 -0.7500000E-01  0.0000000E+00  0.0000000E+00 -0.1000000E+01  0.3340126E-03
    1 -0.4505299E-01  0.1632459E+00 -0.7500000E-01  0.0000000E+00  0.0000000E+00 -0.1000000E+01  0.3947412E-03
    1 -0.6091067E-02  0.1622953E-01 -0.7500000E-01  0.0000000E+00  0.0000000E+00 -0.1000000E+01  0.3036437E-04
    1 -0.1421248E-01  0.3786899E-01 -0.7500000E-01  0.0000000E+00  0.0000000E+00 -0.1000000E+01  0.9109489E-04
    1 -0.2314596E-01  0.6167223E-01 -0.7500000E-01  0.0000000E+00  0.0000000E+00 -0.1000000E+01  0.1518239E-03
    1 -0.3219554E-01  0.8578476E-01 -0.7500000E-01  0.0000000E+00  0.0000000E+00 -0.1000000E+01  0.2125524E-03
    1 -0.4128380E-01  0.1100003E+00 -0.7500000E-01  0.0000000E+00  0.0000000E+00 -0.1000000E+01  0.2732812E-03
    1 -0.5038962E-01  0.1342627E+00 -0.7500000E-01  0.0000000E+00  0.0000000E+00 -0.1000000E+01  0.3340119E-03
    1 -0.5950489E-01  0.1585502E+00 -0.7500000E-01  0.0000000E+00  0.0000000E+00 -0.1000000E+01  0.3947420E-03
    1 -0.7521333E-02  0.1561820E-01 -0.7500000E-01  0.0000000E+00  0.0000000E+00 -0.1000000E+01  0.3036446E-04
    1 -0.1754977E-01  0.3644248E-01 -0.7500000E-01  0.0000000E+00  0.0000000E+00 -0.1000000E+01  0.9109296E-04
    1 -0.2858109E-01  0.5934926E-01 -0.7500000E-01  0.0000000E+00  0.0000000E+00 -0.1000000E+01  0.1518234E-03
    1 -0.3975561E-01  0.8255340E-01 -0.7500000E-01  0.0000000E+00  0.0000000E+00 -0.1000000E+01  0.2125545E-03
    1 -0.5097793E-01  0.1058568E+00 -0.7500001E-01  0.0000000E+00  0.0000000E+00 -0.1000000E+01  0.2732825E-03
    1 -0.6222194E-01  0.1292052E+00 -0.7500000E-01  0.0000000E+00  0.0000000E+00 -0.1000000E+01  0.3340114E-03
    1 -0.7347767E-01  0.1525780E+00 -0.7500000E-01  0.0000000E+00  0.0000000E+00 -0.1000000E+01  0.3947407E-03
    1 -0.8891067E-02  0.1488110E-01 -0.7500000E-01  0.0000000E+00  0.0000000E+00 -0.1000000E+01  0.3036540E-04
    1 -0.2074578E-01  0.3472259E-01 -0.7500000E-01  0.0000000E+00  0.0000000E+00 -0.1000000E+01  0.9109531E-04
    1 -0.3378602E-01  0.5654827E-01 -0.7500000E-01  0.0000000E+00  0.0000000E+00 -0.1000000E+01  0.1518239E-03
    1 -0.4699561E-01  0.7865739E-01 -0.7500000E-01  0.0000000E+00  0.0000000E+00 -0.1000000E+01  0.2125528E-03
    1 -0.6026164E-01  0.1008610E+00 -0.7500000E-01  0.0000000E+00  0.0000000E+00 -0.1000000E+01  0.2732819E-03
    1 -0.7355334E-01  0.1231075E+00 -0.7500000E-01  0.0000000E+00  0.0000000E+00 -0.1000000E+01  0.3340141E-03
    1 -0.8685883E-01  0.1453772E+00 -0.7500000E-01  0.0000000E+00  0.0000000E+00 -0.1000000E+01  0.3947427E-03
    1 -0.1018920E-01  0.1402423E-01 -0.7500000E-01  0.0000000E+00  0.0000000E+00 -0.1000000E+01  0.3036309E-04
    1 -0.2377487E-01  0.3272331E-01 -0.7500000E-01  0.0000000E+00  0.0000000E+00 -0.1000000E+01  0.9109286E-04
    1 -0.3871894E-01  0.5329206E-01 -0.7500000E-01  0.0000000E+00  0.0000000E+00 -0.1000000E+01  0.1518226E-03
    1 -0.5385722E-01  0.7412813E-01 -0.7500000E-01  0.0000000E+00  0.0000000E+00 -0.1000000E+01  0.2125524E-03
    1 -0.6906012E-01  0.9505312E-01 -0.7500000E-01  0.0000000E+00  0.0000000E+00 -0.1000000E+01  0.2732822E-03
    1 -0.8429250E-01  0.1160186E+00 -0.7500000E-01  0.0000000E+00  0.0000000E+00 -0.1000000E+01  0.3340102E-03
    1 -0.9954068E-01  0.1370060E+00 -0.7500000E-01  0.0000000E+00  0.0000000E+00 -0.1000000E+01  0.3947401E-03
    1 -0.1140530E-01  0.1305443E-01 -0.7500000E-01  0.0000000E+00  0.0000000E+00 -0.1000000E+01  0.3036596E-04
    1 -0.2661231E-01  0.3046025E-01 -0.7500000E-01  0.0000000E+00  0.0000000E+00 -0.1000000E+01  0.9109496E-04
    1 -0.4334017E-01  0.4960683E-01 -0.7500000E-01  0.0000000E+00  0.0000000E+00 -0.1000000E+01  0.1518243E-03
    1 -0.6028517E-01  0.6900193E-01 -0.7500000E-01  0.0000000E+00  0.0000000E+00 -0.1000000E+01  0.2125538E-03
    1 -0.7730265E-01  0.8848001E-01 -0.7500000E-01  0.0000000E+00  0.0000000E+00 -0.1000000E+01  0.2732828E-03
    1 -0.9435298E-01  0.1079957E+00 -0.7500000E-01  0.0000000E+00  0.0000000E+00 -0.1000000E+01  0.3340114E-03
    1 -0.1114211E+00  0.1275317E+00 -0.7500000E-01  0.0000000E+00  0.0000000E+00 -0.1000000E+01  0.3947410E-03
    1 -0.1252960E-01  0.1197950E-01 -0.7500000E-01  0.0000000E+00  0.0000000E+00 -0.1000000E+01  0.3036459E-04
    1 -0.2923568E-01  0.2795217E-01 -0.7500000E-01  0.0000000E+00  0.0000000E+00 -0.1000000E+01  0.9109356E-04
    1 -0.4761238E-01  0.4552211E-01 -0.7500001E-01  0.0000000E+00  0.0000000E+00 -0.1000000E+01  0.1518230E-03
    1 -0.6622779E-01  0.6332026E-01 -0.7500000E-01  0.0000000E+00  0.0000000E+00 -0.1000000E+01  0.2125534E-03
    1 -0.8492275E-01  0.8119443E-01 -0.7500000E-01  0.0000000E+00  0.0000000E+00 -0.1000000E+01  0.2732832E-03
    1 -0.1036538E+00  0.9910318E-01 -0.7500000E-01  0.0000000E+00  0.0000000E+00 -0.1000000E+01  0.3340115E-03
    1 -0.1224044E+00  0.1170306E+00 -0.7500000E-01  0.0000000E+00  0.0000000E+00 -0.1000000E+01  0.3947415E-03
    1 -0.1355300E-01  0.1080813E-01 -0.7500000E-01  0.0000000E+00  0.0000000E+00 -0.1000000E+01  0.3036495E-04
    1 -0.3162361E-01  0.2521898E-01 -0.7500000E-01  0.0000000E+00  0.0000000E+00 -0.1000000E+01  0.9109455E-04
    1 -0.5150130E-01  0.4107091E-01 -0.7500000E-01  0.0000000E+00  0.0000000E+00 -0.1000000E+01  0.1518247E-03
    1 -0.7163713E-01  0.5712871E-01 -0.7500000E-01  0.0000000E+00  0.0000000E+00 -0.1000000E+01  0.2125527E-03
    1 -0.9185909E-01  0.7325518E-01 -0.7500000E-01  0.0000000E+00  0.0000000E+00 -0.1000000E+01  0.2732807E-03
    1 -0.1121201E+00  0.8941281E-01 -0.7500000E-01  0.0000000E+00  0.0000000E+00 -0.1000000E+01  0.3340109E-03
    1 -0.1324021E+00  0.1055872E+00 -0.7500000E-01  0.0000000E+00  0.0000000E+00 -0.1000000E+01  0.3947407E-03
    1 -0.1446727E-01  0.9549733E-02 -0.7500000E-01  0.0000000E+00  0.0000000E+00 -0.1000000E+01  0.3036471E-04
    1 -0.3375692E-01  0.2228273E-01 -0.7500000E-01  0.0000000E+00  0.0000000E+00 -0.1000000E+01  0.9109372E-04
    1 -0.5497556E-01  0.3628904E-01 -0.7500000E-01  0.0000000E+00  0.0000000E+00 -0.1000000E+01  0.1518228E-03
    1 -0.7646979E-01  0.5047726E-01 -0.7500000E-01  0.0000000E+00  0.0000000E+00 -0.1000000E+01  0.2125539E-03
    1 -0.9805581E-01  0.6472609E-01 -0.7500000E-01  0.0000000E+00  0.0000000E+00 -0.1000000E+01  0.2732846E-03
    1 -0.1196837E+00  0.7900249E-01 -0.7500000E-01  0.0000000E+00  0.0000000E+00 -0.1000000E+01  0.3340126E-03
    1 -0.1413339E+00  0.9329370E-01 -0.7500000E-01  0.0000000E+00  0.0000000E+00 -0.1000000E+01  0.3947420E-03
    1 -0.1526503E-01  0.8214466E-02 -0.7500000E-01  0.0000000E+00  0.0000000E+00 -0.1000000E+01  0.3036376E-04
    1 -0.3561852E-01  0.1916714E-01 -0.7500000E-01  0.0000000E+00  0.0000000E+00 -0.1000000E+01  0.9109435E-04
    1 -0.5800715E-01  0.3121496E-01 -0.7500000E-01  0.0000000E+00  0.0000000E+00 -0.1000000E+01  0.1518247E-03
    1 -0.8068664E-01  0.4341932E-01 -0.7500000E-01  0.0000000E+00  0.0000000E+00 -0.1000000E+01  0.2125521E-03
    1 -0.1034631E+00  0.5567586E-01 -0.7500000E-01  0.0000000E+00  0.0000000E+00 -0.1000000E+01  0.2732810E-03
    1 -0.1262836E+00  0.6795608E-01 -0.7500000E-01  0.0000000E+00  0.0000000E+00 -0.1000000E+01  0.3340115E-03
    1 -0.1491277E+00  0.8024903E-01 -0.7500000E-01  0.0000000E+00  0.0000000E+00 -0.1000000E+01  0.3947406E-03
    1 -0.1593993E-01  0.6813067E-02 -0.7500000E-01  0.0000000E+00  0.0000000E+00 -0.1000000E+01  0.3036525E-04
    1 -0.3719312E-01  0.1589710E-01 -0.7500000E-01  0.0000000E+00  0.0000000E+00 -0.1000000E+01  0.9109346E-04
    1 -0.6057178E-01  0.2588961E-01 -0.7500000E-01  0.0000000E+00  0.0000000E+00 -0.1000000E+01  0.1518218E-03
    1 -0.8425393E-01  0.3601186E-01 -0.7500000E-01  0.0000000E+00  0.0000000E+00 -0.1000000E+01  0.2125525E-03
    1 -0.1080373E+00  0.4617735E-01 -0.7500000E-01  0.0000000E+00  0.0000000E+00 -0.1000000E+01  0.2732842E-03
    1 -0.1318666E+00  0.5636251E-01 -0.7500000E-01  0.0000000E+00  0.0000000E+00 -0.1000000E+01  0.3340122E-03
    1 -0.1557209E+00  0.6655827E-01 -0.7500000E-01  0.0000000E+00  0.0000000E+00 -0.1000000E+01  0.3947407E-03
    1 -0.1648650E-01  0.5356800E-02 -0.7500000E-01  0.0000000E+00  0.0000000E+00 -0.1000000E+01  0.3036436E-04
    1 -0.3846849E-01  0.1249919E-01 -0.7500000E-01  0.0000000E+00  0.0000000E+00 -0.1000000E+01  0.9109392E-04
    1 -0.6264859E-01  0.2035579E-01 -0.7500000E-01  0.0000000E+00  0.0000000E+00 -0.1000000E+01  0.1518243E-03
    1 -0.8714281E-01  0.2831441E-01 -0.7500001E-01  0.0000000E+00  0.0000000E+00 -0.1000000E+01  0.2125528E-03
    1 -0.1117417E+00  0.3630705E-01 -0.7500000E-01  0.0000000E+00  0.0000000E+00 -0.1000000E+01  0.2732826E-03
    1 -0.1363881E+00  0.4431519E-01 -0.7500000E-01  0.0000000E+00  0.0000000E+00 -0.1000000E+01  0.3340101E-03
    1 -0.1610602E+00  0.5233165E-01 -0.7500000E-01  0.0000000E+00  0.0000000E+00 -0.1000000E+01  0.3947409E-03
    1 -0.1690030E-01  0.3857400E-02 -0.7500000E-01  0.0000000E+00  0.0000000E+00 -0.1000000E+01  0.3036500E-04
    1 -0.3943398E-01  0.9000565E-02 -0.7500000E-01  0.0000000E+00  0.0000000E+00 -0.1000000E+01  0.9109383E-04
    1 -0.6422114E-01  0.1465805E-01 -0.7500000E-01  0.0000000E+00  0.0000000E+00 -0.1000000E+01  0.1518243E-03
    1 -0.8933005E-01  0.2038899E-01 -0.7500000E-01  0.0000000E+00  0.0000000E+00 -0.1000000E+01  0.2125536E-03
    1 -0.1145464E+00  0.2614445E-01 -0.7500000E-01  0.0000000E+00  0.0000000E+00 -0.1000000E+01  0.2732825E-03
    1 -0.1398115E+00  0.3191107E-01 -0.7500000E-01  0.0000000E+00  0.0000000E+00 -0.1000000E+01  0.3340121E-03
    1 -0.1651028E+00  0.3768365E-01 -0.7500000E-01  0.0000000E+00  0.0000000E+00 -0.1000000E+01  0.3947415E-03
    1 -0.1717803E-01  0.2326933E-02 -0.7500000E-01  0.0000000E+00  0.0000000E+00 -0.1000000E+01  0.3036475E-04
    1 -0.4008207E-01  0.5429511E-02 -0.7500000E-01  0.0000000E+00  0.0000000E+00 -0.1000000E+01  0.9109425E-04
    1 -0.6527653E-01  0.8842293E-02 -0.7500000E-01  0.0000000E+00  0.0000000E+00 -0.1000000E+01  0.1518237E-03
    1 -0.9079813E-01  0.1229941E-01 -0.7500000E-01  0.0000000E+00  0.0000000E+00 -0.1000000E+01  0.2125524E-03
    1 -0.1164288E+00  0.1577134E-01 -0.7500000E-01  0.0000000E+00  0.0000000E+00 -0.1000000E+01  0.2732827E-03
    1 -0.1421091E+00  0.1924999E-01 -0.7500000E-01  0.0000000E+00  0.0000000E+00 -0.1000000E+01  0.3340123E-03
    1 -0.1678161E+00  0.2273225E-01 -0.7500000E-01  0.0000000E+00  0.0000000E+00 -0.1000000E+01  0.3947418E-03
    1 -0.1731747E-01  0.7777334E-03 -0.7500000E-01  0.0000000E+00  0.0000000E+00 -0.1000000E+01  0.3036496E-04
    1 -0.4040739E-01  0.1814712E-02 -0.7500000E-01  0.0000000E+00  0.0000000E+00 -0.1000000E+01  0.9109466E-04
    1 -0.6580629E-01  0.2955358E-02 -0.7500000E-01  0.0000000E+00  0.0000000E+00 -0.1000000E+01  0.1518234E-03
    1 -0.9153512E-01  0.4110823E-02 -0.7500000E-01  0.0000000E+00  0.0000000E+00 -0.1000000E+01  0.2125517E-03
    1 -0.1173739E+00  0.5271254E-02 -0.7500000E-01  0.0000000E+00  0.0000000E+00 -0.1000000E+01  0.2732821E-03
    1 -0.1432626E+00  0.6433930E-02 -0.7500000E-01  0.0000000E+00  0.0000000E+00 -0.1000000E+01  0.3340113E-03
    1 -0.1691782E+00  0.7597806E-02 -0.7500000E-01  0.0000000E+00  0.0000000E+00 -0.1000000E+01  0.3947419E-03
           0
