Nb de periode :    25
 1.3000
  0.419733E-03 -0.939693E-12 -0.114684E-06  0.376588E-12  0.787343E-04 -0.116552E-17
 -0.335820E-11  0.419749E-03  0.678924E-10 -0.787352E-04  0.650147E-12 -0.481616E-13
 -0.125845E-06  0.254477E-06  0.466367E+01  0.467626E-07  0.000000E+00  0.410783E-14
 -0.734968E-13 -0.789138E-04  0.730829E-10  0.148008E-04 -0.244249E-13  0.908488E-14
  0.789123E-04  0.174305E-12 -0.209992E-07 -0.990319E-13  0.148009E-04 -0.105879E-18
  0.623281E-21 -0.558894E-13  0.950596E-20  0.105625E-13 -0.820977E-22  0.133076E-20
 6.4833
  0.101622E+02  0.266882E-07  0.506267E-05  0.154250E-08  0.171627E+01  0.107137E-13
 -0.706350E-07  0.101622E+02 -0.483566E-05 -0.171627E+01 -0.762520E-08 -0.292889E-09
 -0.180304E-05 -0.210066E-05  0.954897E+02 -0.121200E-05  0.232831E-06 -0.139888E-13
  0.175896E-07 -0.171729E+01 -0.241457E-05  0.289948E+00 -0.418368E-09  0.497118E-10
  0.171729E+01  0.168511E-07  0.111759E-06  0.144064E-08  0.289948E+00  0.406619E-14
  0.664792E-15 -0.419533E-09  0.355944E-15  0.709747E-10  0.485452E-16 -0.445971E-16
11.6667
  0.213347E+02  0.722357E-07  0.216812E-05  0.177533E-07  0.313583E+01  0.122125E-14
  0.295753E-06  0.213347E+02 -0.214064E-05 -0.313582E+01  0.138825E-07  0.266842E-08
 -0.101365E-04 -0.623788E-05  0.675931E+02  0.125426E-05 -0.149477E-05  0.283107E-13
  0.560722E-07 -0.312358E+01  0.132949E-05  0.458625E+00  0.967702E-09 -0.388254E-09
  0.312358E+01 -0.245709E-07  0.610016E-06 -0.189902E-08  0.458625E+00  0.312250E-14
  0.208167E-14  0.244195E-08  0.317107E-14 -0.358481E-09  0.483120E-15  0.114497E-13
16.8500
  0.149307E+02  0.419313E-07  0.839643E-04  0.120344E-07  0.186809E+01 -0.294209E-14
  0.298096E-06  0.149306E+02 -0.244094E-05 -0.186806E+01 -0.167856E-07  0.521632E-08
  0.691507E-06 -0.573049E-05  0.487901E+02  0.790664E-06  0.120141E-06  0.154321E-13
  0.103246E-07 -0.207450E+01  0.112555E-05  0.260042E+00 -0.349792E-08 -0.724664E-09
  0.207451E+01  0.193359E-08  0.828388E-05 -0.285945E-08  0.260044E+00 -0.242167E-14
  0.808034E-14  0.503181E-08  0.151268E-14 -0.638731E-09  0.105038E-14  0.753822E-13
22.0333
  0.130119E+02 -0.718719E-07 -0.793487E-06 -0.711589E-08  0.173204E+01  0.457967E-14
  0.293803E-07  0.130119E+02 -0.129390E-05 -0.173204E+01  0.596629E-08  0.510635E-08
 -0.195717E-05  0.384981E-05  0.317663E+02  0.941553E-06 -0.325963E-08 -0.954792E-14
  0.116725E-07 -0.175246E+01 -0.332788E-06  0.233736E+00  0.237742E-08 -0.676068E-09
  0.175246E+01  0.249365E-07 -0.359723E-06 -0.936780E-09  0.233736E+00  0.548173E-15
  0.198452E-13  0.484216E-08  0.596398E-14 -0.646511E-09 -0.691656E-14  0.745478E-13
27.2167
  0.930510E+01 -0.188593E-07 -0.187103E-05 -0.627915E-08  0.122322E+01  0.100892E-13
  0.980581E-07  0.930510E+01  0.967277E-05 -0.122322E+01  0.849104E-08  0.491445E-08
  0.122725E-05  0.256819E-06  0.198534E+02 -0.285821E-06  0.344357E-06 -0.105471E-13
 -0.391992E-09 -0.123383E+01  0.341606E-06  0.162146E+00  0.618456E-10 -0.650023E-09
  0.123383E+01  0.152068E-08 -0.626664E-06 -0.120053E-09  0.162146E+00 -0.154043E-14
 -0.118239E-13  0.410472E-08  0.429344E-14 -0.538473E-09  0.222738E-14  0.231366E-12
32.4000
  0.621652E+01  0.598047E-07  0.149850E-05  0.291038E-10  0.814553E+00 -0.117961E-13
 -0.102227E-08  0.621652E+01  0.400469E-06 -0.814553E+00  0.111686E-08  0.350965E-08
 -0.476744E-05  0.505512E-06  0.105210E+02 -0.858781E-07 -0.900938E-06 -0.240086E-14
 -0.991349E-10 -0.821598E+00  0.634245E-07  0.107635E+00  0.454747E-11 -0.464310E-09
  0.821598E+00 -0.169575E-08  0.278349E-06 -0.227828E-09  0.107635E+00 -0.123859E-14
 -0.573912E-14  0.303524E-08 -0.138518E-14 -0.397368E-09  0.177516E-14  0.264839E-12
37.5833
  0.322677E+01 -0.273399E-07  0.614033E-06  0.180717E-08  0.418045E+00 -0.190993E-14
 -0.927093E-08  0.322677E+01 -0.317807E-06 -0.418045E+00  0.162981E-08  0.246610E-08
 -0.862870E-06 -0.133531E-05 -0.643550E+01 -0.171291E-06 -0.312924E-06  0.113243E-13
  0.904947E-10 -0.427628E+00 -0.279424E-07  0.554183E-01 -0.154614E-10 -0.325016E-09
  0.427629E+00  0.270597E-08  0.585278E-07  0.649266E-09  0.554183E-01 -0.716007E-15
 -0.268232E-14  0.171040E-08 -0.123686E-14 -0.221635E-09 -0.758508E-15  0.203237E-12
42.7667
 -0.569445E+01  0.155487E-07 -0.192039E-05 -0.465661E-09 -0.766579E+00 -0.194289E-15
  0.477448E-07 -0.569445E+01  0.295517E-05  0.766579E+00  0.665750E-08 -0.734137E-09
 -0.124012E-05 -0.618385E-06  0.284049E+01 -0.136350E-06 -0.203916E-06  0.141727E-14
 -0.166710E-08  0.751692E+00 -0.771906E-07 -0.101190E+00  0.676664E-09  0.968859E-10
 -0.751692E+00 -0.235377E-08 -0.113156E-06  0.670298E-09 -0.101190E+00 -0.270617E-15
 -0.758885E-14 -0.312413E-08  0.112497E-14  0.420528E-09  0.198713E-14  0.175367E-12
47.9500
 -0.342774E+01  0.117834E-07 -0.338024E-05  0.211730E-08 -0.461527E+00 -0.358047E-14
  0.309992E-07 -0.342774E+01  0.201690E-05  0.461526E+00 -0.392174E-08 -0.636505E-09
 -0.335753E-05  0.127808E-06  0.341670E+01 -0.884629E-07 -0.445405E-06  0.131839E-15
  0.602358E-08  0.451511E+00 -0.259803E-06 -0.607933E-01  0.176897E-09  0.838029E-10
 -0.451511E+00  0.498130E-08 -0.332948E-06 -0.552973E-09 -0.607934E-01  0.176942E-15
  0.441688E-14 -0.197927E-08  0.101644E-14  0.266503E-09  0.416659E-15  0.712991E-13
53.1333
 -0.554246E+01  0.485306E-08  0.533648E-06 -0.149885E-08 -0.750121E+00 -0.152656E-13
 -0.532382E-07 -0.554246E+01  0.243512E-05  0.750122E+00  0.148430E-08 -0.794416E-09
  0.401982E-06  0.252611E-05 -0.105082E+02  0.348715E-06 -0.665896E-07 -0.123790E-13
 -0.137970E-08  0.731105E+00  0.579421E-07 -0.989483E-01  0.130967E-08  0.104805E-09
 -0.731107E+00  0.138061E-08  0.316650E-07  0.145519E-09 -0.989482E-01  0.142247E-15
 -0.593384E-15 -0.322487E-08 -0.986624E-15  0.436461E-09 -0.117636E-15  0.129509E-13
58.3167
 -0.455080E+01  0.451109E-09 -0.355113E-05  0.713044E-09 -0.610882E+00  0.591194E-14
  0.109325E-06 -0.455080E+01  0.141488E-05  0.610883E+00 -0.530417E-08 -0.115033E-08
 -0.305218E-05 -0.654960E-06 -0.100208E+02  0.530119E-06 -0.298372E-06 -0.764666E-14
  0.114960E-08  0.604397E+00  0.135547E-06 -0.811319E-01  0.397904E-09  0.152794E-09
 -0.604396E+00 -0.660657E-08 -0.230619E-06 -0.158252E-09 -0.811318E-01  0.103390E-14
  0.234166E-14 -0.272038E-08  0.236530E-14  0.365175E-09 -0.250993E-15 -0.493908E-13
63.5000
 -0.184013E+00  0.148952E-08  0.209229E-05 -0.108003E-09 -0.245325E-01  0.954098E-17
 -0.576847E-09 -0.184013E+00  0.780901E-07  0.245326E-01  0.635509E-10 -0.758476E-10
  0.155158E-05  0.356645E-07  0.113669E+01  0.182354E-07  0.206026E-06 -0.435416E-15
  0.164988E-10  0.244408E-01 -0.888917E-08 -0.325842E-02  0.105871E-10  0.100766E-10
 -0.244407E-01  0.280366E-09  0.283855E-06  0.348166E-11 -0.325841E-02  0.190820E-16
 -0.131908E-14 -0.110054E-09 -0.617670E-15  0.146727E-10  0.620204E-15 -0.134902E-14
68.6833
  0.106348E+00 -0.199634E-08  0.380329E-06 -0.173941E-09  0.142672E-01  0.524754E-16
 -0.748173E-09  0.106348E+00 -0.379669E-07 -0.142673E-01 -0.102318E-10  0.340540E-10
  0.334303E-06  0.619207E-08 -0.138756E+00  0.148788E-08  0.456166E-07  0.290566E-16
  0.183746E-10 -0.142104E-01  0.624874E-08  0.190641E-02  0.184741E-11 -0.455020E-11
  0.142103E-01  0.740812E-10  0.511936E-07  0.137277E-10  0.190640E-02  0.921572E-18
  0.222492E-15  0.635934E-10 -0.838630E-16 -0.853122E-11  0.228699E-15  0.409914E-14
73.8667
  0.644042E+00  0.936780E-10 -0.634289E-06  0.484306E-09  0.867075E-01  0.797973E-15
  0.556611E-09  0.644040E+00  0.312823E-06 -0.867072E-01 -0.158707E-09  0.185454E-09
 -0.442538E-06 -0.144262E-06  0.157585E+01 -0.214541E-07 -0.746513E-07 -0.128370E-14
 -0.449177E-09 -0.860572E-01  0.184414E-07  0.115859E-01 -0.311502E-10 -0.247828E-10
  0.860575E-01  0.174850E-09 -0.107058E-06 -0.228511E-10  0.115859E-01  0.776289E-16
  0.818573E-15  0.384310E-09  0.594576E-15 -0.517400E-10  0.596311E-17  0.837365E-14
79.0500
  0.175619E+00 -0.223190E-08  0.209082E-06 -0.452474E-10  0.236054E-01  0.425007E-16
  0.223281E-09  0.175620E+00 -0.837927E-07 -0.236055E-01 -0.181899E-09  0.567035E-10
  0.162510E-06 -0.242301E-07  0.174874E+00 -0.714670E-08  0.225191E-07  0.464039E-16
 -0.307807E-10 -0.234665E-01 -0.561943E-08  0.315419E-02 -0.665068E-11 -0.757668E-11
  0.234664E-01 -0.168683E-09  0.252039E-07  0.202363E-10  0.315417E-02  0.169678E-16
 -0.215743E-15  0.104847E-09 -0.472170E-16 -0.140928E-10 -0.123599E-16  0.610191E-14
84.2333
  0.200256E+00  0.878572E-09  0.307045E-07 -0.109139E-10  0.269227E-01  0.238958E-15
 -0.197588E-08  0.200256E+00 -0.355412E-07 -0.269228E-01 -0.150976E-09  0.660110E-10
  0.740838E-07  0.300111E-08  0.431765E+00 -0.722366E-08  0.924047E-08  0.268882E-16
 -0.187498E-09 -0.267584E-01 -0.142022E-07  0.359745E-02  0.207478E-11 -0.882025E-11
  0.267583E-01  0.101352E-09  0.946966E-08 -0.220552E-10  0.359744E-02  0.292735E-16
  0.275536E-15  0.119545E-09 -0.964940E-17 -0.160716E-10 -0.138236E-17  0.100687E-13
89.4167
  0.104989E-01  0.107477E-09 -0.939235E-08  0.905231E-11  0.141233E-02  0.168051E-17
 -0.127187E-10  0.104989E-01 -0.292823E-08 -0.141232E-02 -0.165841E-10  0.346104E-11
 -0.736372E-08 -0.531969E-09  0.217725E-01  0.618954E-09 -0.801265E-09  0.210064E-16
  0.134079E-10 -0.140287E-02  0.118234E-09  0.188716E-03  0.141043E-11 -0.462500E-12
  0.140288E-02 -0.292921E-11 -0.125715E-08 -0.719425E-12  0.188717E-03  0.285281E-17
 -0.255567E-16  0.626550E-11 -0.325261E-18 -0.842845E-12 -0.129723E-17  0.496160E-15
94.6000
  0.781569E-02 -0.803766E-10 -0.167593E-07  0.939337E-11  0.105083E-02  0.566496E-17
  0.640625E-10  0.781569E-02  0.101920E-09 -0.105083E-02 -0.758860E-11  0.267403E-11
 -0.136354E-07  0.636703E-09  0.192884E-01  0.432181E-09 -0.202272E-08  0.325261E-18
 -0.136335E-11 -0.104434E-02 -0.109175E-09  0.140413E-03 -0.709655E-12 -0.357281E-12
  0.104434E-02  0.843769E-13 -0.248019E-08  0.611067E-12  0.140413E-03  0.199900E-18
 -0.207523E-17  0.466120E-11 -0.173642E-17 -0.626706E-12 -0.145054E-18  0.253631E-15
99.7833
  0.000000E+00  0.000000E+00  0.000000E+00  0.000000E+00  0.000000E+00  0.000000E+00
  0.000000E+00  0.000000E+00  0.000000E+00  0.000000E+00  0.000000E+00  0.000000E+00
  0.000000E+00  0.000000E+00  0.000000E+00  0.000000E+00  0.000000E+00  0.000000E+00
  0.000000E+00  0.000000E+00  0.000000E+00  0.000000E+00  0.000000E+00  0.000000E+00
  0.000000E+00  0.000000E+00  0.000000E+00  0.000000E+00  0.000000E+00  0.000000E+00
  0.000000E+00  0.000000E+00  0.000000E+00  0.000000E+00  0.000000E+00  0.000000E+00
*******
  0.000000E+00  0.000000E+00  0.000000E+00  0.000000E+00  0.000000E+00  0.000000E+00
  0.000000E+00  0.000000E+00  0.000000E+00  0.000000E+00  0.000000E+00  0.000000E+00
  0.000000E+00  0.000000E+00  0.000000E+00  0.000000E+00  0.000000E+00  0.000000E+00
  0.000000E+00  0.000000E+00  0.000000E+00  0.000000E+00  0.000000E+00  0.000000E+00
  0.000000E+00  0.000000E+00  0.000000E+00  0.000000E+00  0.000000E+00  0.000000E+00
  0.000000E+00  0.000000E+00  0.000000E+00  0.000000E+00  0.000000E+00  0.000000E+00
*******
  0.000000E+00  0.000000E+00  0.000000E+00  0.000000E+00  0.000000E+00  0.000000E+00
  0.000000E+00  0.000000E+00  0.000000E+00  0.000000E+00  0.000000E+00  0.000000E+00
  0.000000E+00  0.000000E+00  0.000000E+00  0.000000E+00  0.000000E+00  0.000000E+00
  0.000000E+00  0.000000E+00  0.000000E+00  0.000000E+00  0.000000E+00  0.000000E+00
  0.000000E+00  0.000000E+00  0.000000E+00  0.000000E+00  0.000000E+00  0.000000E+00
  0.000000E+00  0.000000E+00  0.000000E+00  0.000000E+00  0.000000E+00  0.000000E+00
*******
  0.000000E+00  0.000000E+00  0.000000E+00  0.000000E+00  0.000000E+00  0.000000E+00
  0.000000E+00  0.000000E+00  0.000000E+00  0.000000E+00  0.000000E+00  0.000000E+00
  0.000000E+00  0.000000E+00  0.000000E+00  0.000000E+00  0.000000E+00  0.000000E+00
  0.000000E+00  0.000000E+00  0.000000E+00  0.000000E+00  0.000000E+00  0.000000E+00
  0.000000E+00  0.000000E+00  0.000000E+00  0.000000E+00  0.000000E+00  0.000000E+00
  0.000000E+00  0.000000E+00  0.000000E+00  0.000000E+00  0.000000E+00  0.000000E+00
*******
  0.000000E+00  0.000000E+00  0.000000E+00  0.000000E+00  0.000000E+00  0.000000E+00
  0.000000E+00  0.000000E+00  0.000000E+00  0.000000E+00  0.000000E+00  0.000000E+00
  0.000000E+00  0.000000E+00  0.000000E+00  0.000000E+00  0.000000E+00  0.000000E+00
  0.000000E+00  0.000000E+00  0.000000E+00  0.000000E+00  0.000000E+00  0.000000E+00
  0.000000E+00  0.000000E+00  0.000000E+00  0.000000E+00  0.000000E+00  0.000000E+00
  0.000000E+00  0.000000E+00  0.000000E+00  0.000000E+00  0.000000E+00  0.000000E+00
*******
  0.000000E+00  0.000000E+00  0.000000E+00  0.000000E+00  0.000000E+00  0.000000E+00
  0.000000E+00  0.000000E+00  0.000000E+00  0.000000E+00  0.000000E+00  0.000000E+00
  0.000000E+00  0.000000E+00  0.000000E+00  0.000000E+00  0.000000E+00  0.000000E+00
  0.000000E+00  0.000000E+00  0.000000E+00  0.000000E+00  0.000000E+00  0.000000E+00
  0.000000E+00  0.000000E+00  0.000000E+00  0.000000E+00  0.000000E+00  0.000000E+00
  0.000000E+00  0.000000E+00  0.000000E+00  0.000000E+00  0.000000E+00  0.000000E+00
