Nb de periode :    25
 1.3000
  0.335428E+01  0.102031E-07 -0.420528E-06  0.111938E-09  0.521279E+00 -0.875368E-15
 -0.137012E-07  0.335428E+01 -0.139788E-05 -0.521278E+00  0.223876E-10 -0.413864E-09
 -0.888339E-07 -0.101548E-05  0.416367E+02 -0.962307E-06 -0.111759E-06  0.146037E-13
  0.163289E-08 -0.521854E+00  0.506944E-06  0.149222E+00 -0.302232E-09  0.101094E-09
  0.521854E+00  0.622514E-08 -0.133251E-06 -0.358201E-09  0.149222E+00  0.661864E-15
  0.476332E-14 -0.460142E-09 -0.715240E-15  0.110109E-09 -0.299573E-15  0.135522E-12
 6.4833
  0.397975E+01 -0.227145E-08 -0.344757E-06  0.251385E-09  0.609534E+00  0.467492E-14
  0.323299E-07  0.397975E+01 -0.162531E-05 -0.609535E+00  0.164298E-08 -0.318951E-09
 -0.282413E-06 -0.263753E-05  0.234363E+02  0.133593E-06 -0.268910E-06  0.445231E-14
  0.354633E-08 -0.610255E+00 -0.200749E-07  0.161228E+00  0.489303E-09  0.860500E-10
  0.610255E+00 -0.664824E-08  0.735482E-07 -0.561128E-09  0.161228E+00 -0.462355E-15
 -0.162801E-14 -0.370976E-09 -0.201424E-14  0.959041E-10  0.201531E-14  0.136835E-12
11.6667
  0.176046E+01 -0.334777E-07  0.549214E-06 -0.118993E-08  0.247528E+00  0.190324E-15
  0.104125E-07  0.176046E+01  0.195917E-06 -0.247527E+00 -0.463998E-09 -0.284235E-09
  0.244273E-06  0.633332E-07  0.174263E+02 -0.104714E-06  0.404886E-06 -0.875490E-15
 -0.184227E-08 -0.247211E+00  0.139539E-06  0.102347E+00 -0.498923E-11  0.825054E-10
  0.247211E+00  0.767094E-09  0.376786E-07  0.975394E-09  0.102347E+00  0.366373E-15
 -0.113635E-13 -0.314107E-09 -0.253369E-14  0.893301E-10  0.977194E-15  0.138789E-12
16.8500
  0.130849E+01 -0.151996E-09  0.715565E-05  0.101907E-09  0.185748E+00  0.154838E-14
  0.832525E-08  0.130848E+01 -0.125936E-06 -0.185746E+00  0.122288E-08 -0.375459E-09
 -0.115517E-05  0.371659E-06  0.184940E+02 -0.535580E-06 -0.739310E-06 -0.843374E-15
  0.186023E-08 -0.199852E+00 -0.696972E-07  0.969526E-01 -0.511260E-09  0.996130E-10
  0.199852E+00 -0.806617E-09  0.905566E-06 -0.379991E-09  0.969525E-01 -0.280027E-15
 -0.934280E-15 -0.472175E-09  0.229128E-14  0.109896E-09 -0.828549E-15  0.136733E-12
22.0333
  0.121506E+01 -0.824242E-09 -0.382448E-06 -0.146620E-08  0.195012E+00 -0.584505E-15
 -0.667847E-08  0.121506E+01  0.748792E-07 -0.195012E+00 -0.240404E-09 -0.600150E-09
 -0.780113E-06 -0.475112E-06  0.191827E+02 -0.153689E-06 -0.879191E-08 -0.878773E-14
 -0.177001E-09 -0.193477E+00  0.883207E-07  0.990860E-01 -0.850660E-09  0.128639E-09
  0.193477E+00 -0.314374E-09  0.233324E-07 -0.132090E-10  0.990861E-01  0.614738E-15
  0.424994E-15 -0.627430E-09 -0.347680E-15  0.134029E-09  0.318706E-15  0.136857E-12
27.2167
  0.124513E+01  0.695925E-08 -0.261706E-06 -0.423458E-09  0.201986E+00  0.265964E-14
 -0.596263E-08  0.124513E+01 -0.336696E-06 -0.201986E+00  0.461954E-09 -0.649870E-09
  0.166988E-06  0.658541E-06  0.196516E+02 -0.287746E-06 -0.328501E-08 -0.225172E-14
 -0.156123E-09 -0.201271E+00 -0.141238E-06  0.100364E+00  0.292999E-09  0.134378E-09
  0.201271E+00 -0.298345E-09 -0.364088E-07  0.177510E-09  0.100363E+00 -0.632276E-15
  0.191735E-14 -0.686625E-09  0.862751E-15  0.141193E-09 -0.336534E-15  0.136395E-12
32.4000
  0.129380E+01 -0.154322E-07 -0.177986E-06  0.395237E-09  0.209763E+00 -0.137065E-16
  0.156191E-07  0.129380E+01  0.162478E-06 -0.209763E+00  0.132943E-09 -0.693122E-09
 -0.267899E-06  0.637410E-07  0.192202E+02 -0.561984E-06 -0.121417E-06 -0.553741E-14
 -0.395237E-09 -0.207818E+00  0.364926E-06  0.100153E+00 -0.287445E-10  0.138484E-09
  0.207818E+00 -0.470692E-09 -0.181205E-06  0.269480E-09  0.100153E+00  0.342661E-15
  0.105783E-14 -0.714029E-09  0.839520E-15  0.144246E-09  0.971445E-15  0.130796E-12
37.5833
  0.134740E+01 -0.739999E-08 -0.212515E-06  0.433654E-10  0.214420E+00  0.126433E-14
  0.161598E-07  0.134740E+01  0.226144E-06 -0.214420E+00  0.362410E-09 -0.682187E-09
 -0.943630E-07  0.118202E-06  0.193268E+02  0.113592E-06 -0.666092E-07  0.534089E-14
  0.331435E-09 -0.212168E+00 -0.236676E-06  0.100401E+00 -0.464629E-09  0.134311E-09
  0.212168E+00  0.758894E-09  0.197449E-06 -0.390288E-09  0.100401E+00 -0.945290E-15
 -0.719450E-14 -0.703226E-09 -0.175469E-14  0.139104E-09 -0.542434E-15  0.129571E-12
42.7667
  0.141167E+01  0.207261E-07 -0.611494E-06 -0.239545E-09  0.223067E+00  0.654192E-14
  0.339719E-08  0.141167E+01  0.562735E-06 -0.223066E+00  0.255878E-09 -0.680919E-09
 -0.349823E-06  0.534186E-07  0.198832E+02 -0.456203E-06 -0.947728E-07  0.220141E-14
 -0.209602E-08 -0.221909E+00  0.248474E-07  0.102103E+00 -0.264044E-09  0.135496E-09
  0.221909E+00 -0.170132E-08 -0.159232E-06 -0.416482E-09  0.102103E+00 -0.514008E-15
  0.995820E-15 -0.673980E-09 -0.251553E-14  0.136358E-09  0.704814E-15  0.127380E-12
47.9500
  0.148896E+01  0.173882E-07 -0.954669E-06  0.876453E-09  0.234191E+00  0.303777E-14
 -0.166502E-07  0.148896E+01  0.133637E-05 -0.234190E+00  0.793906E-09 -0.649778E-09
  0.160976E-06  0.555200E-06  0.203262E+02 -0.255604E-07 -0.839064E-07  0.370460E-16
 -0.813329E-10 -0.233370E+00  0.251409E-06  0.103979E+00  0.849747E-10  0.132111E-09
  0.233370E+00 -0.179054E-08 -0.147613E-06 -0.330187E-09  0.103979E+00 -0.796489E-15
  0.328297E-14 -0.641570E-09 -0.138460E-14  0.132664E-09  0.347306E-16  0.126491E-12
53.1333
  0.152102E+01  0.574043E-09 -0.489663E-06  0.156438E-08  0.239055E+00  0.197249E-14
 -0.765975E-08  0.152102E+01 -0.475553E-06 -0.239055E+00  0.438201E-09 -0.628484E-09
 -0.430769E-06  0.452802E-06  0.203277E+02 -0.432767E-06 -0.150320E-06  0.143758E-14
 -0.154247E-08 -0.238467E+00 -0.958608E-07  0.104908E+00 -0.530223E-09  0.129689E-09
  0.238467E+00 -0.843536E-09 -0.178646E-06 -0.444774E-09  0.104908E+00 -0.150444E-15
 -0.845106E-15 -0.638596E-09  0.253039E-14  0.132716E-09 -0.733416E-15  0.129282E-12
58.3167
  0.165345E+01 -0.112390E-07 -0.404746E-06  0.758579E-09  0.257363E+00 -0.304605E-15
  0.125764E-07  0.165345E+01  0.354185E-06 -0.257362E+00  0.778542E-09 -0.603372E-09
 -0.482936E-06  0.389351E-07  0.208719E+02 -0.321350E-06 -0.133382E-06  0.791974E-15
 -0.160300E-08 -0.256998E+00 -0.151524E-06  0.107593E+00 -0.538991E-10  0.126565E-09
  0.256998E+00  0.778542E-09  0.388393E-07  0.698692E-09  0.107593E+00  0.175148E-15
  0.461715E-14 -0.568478E-09  0.129077E-14  0.123579E-09  0.593505E-15  0.130301E-12
63.5000
  0.165274E+01 -0.241631E-08 -0.594169E-06 -0.233197E-08  0.257647E+00 -0.601444E-15
 -0.167455E-07  0.165274E+01  0.450584E-06 -0.257647E+00 -0.135665E-09 -0.597244E-09
 -0.479184E-06 -0.752817E-06  0.208668E+02  0.405998E-06  0.185854E-06 -0.156655E-14
 -0.295713E-08 -0.257341E+00  0.137381E-06  0.107787E+00  0.329996E-10  0.125962E-09
  0.257341E+00 -0.158948E-08 -0.121556E-06  0.124665E-09  0.107787E+00 -0.688863E-15
 -0.528225E-14 -0.578394E-09  0.261034E-14  0.125133E-09 -0.279741E-16  0.131023E-12
68.6833
  0.164013E+01  0.144987E-07 -0.101838E-05 -0.593235E-09  0.256237E+00  0.347857E-14
 -0.142376E-09  0.164013E+01  0.723408E-06 -0.256237E+00 -0.125427E-09 -0.600400E-09
 -0.206107E-06 -0.761524E-06  0.209597E+02 -0.449367E-07 -0.546726E-07 -0.744854E-14
  0.500860E-08 -0.256182E+00 -0.220263E-06  0.107745E+00 -0.864428E-09  0.126504E-09
  0.256182E+00 -0.351026E-08  0.139719E-06 -0.108816E-08  0.107745E+00 -0.446137E-15
  0.476581E-14 -0.593558E-09 -0.236646E-14  0.127353E-09 -0.385520E-15  0.130962E-12
73.8667
  0.165457E+01  0.221872E-07 -0.818623E-06 -0.141842E-09  0.258430E+00 -0.838078E-14
  0.156341E-07  0.165457E+01 -0.447237E-06 -0.258430E+00  0.163906E-09 -0.595968E-09
 -0.211010E-06 -0.833399E-08  0.210376E+02  0.666719E-06 -0.243690E-06  0.543488E-14
  0.447905E-08 -0.258375E+00 -0.125312E-06  0.108134E+00 -0.630408E-10  0.126048E-09
  0.258375E+00  0.129864E-08 -0.161384E-06 -0.157602E-09  0.108134E+00  0.172546E-14
  0.189161E-14 -0.590895E-09  0.363728E-15  0.127123E-09  0.103820E-14  0.131103E-12
79.0500
  0.165132E+01  0.463010E-08 -0.775501E-06  0.329880E-09  0.258199E+00  0.524705E-14
  0.629718E-08  0.165132E+01 -0.592630E-06 -0.258199E+00 -0.765793E-09 -0.597311E-09
 -0.414707E-07 -0.136405E-06  0.210595E+02 -0.394442E-06 -0.361926E-07 -0.629197E-15
  0.360806E-09 -0.258155E+00  0.161488E-06  0.108180E+00  0.123411E-08  0.126344E-09
  0.258155E+00 -0.182612E-09  0.878424E-07 -0.438859E-09  0.108180E+00 -0.455044E-15
 -0.396022E-14 -0.597614E-09 -0.264600E-14  0.128129E-09  0.145221E-14  0.131207E-12
84.2333
  0.165302E+01  0.346620E-08 -0.823662E-06 -0.710378E-09  0.258596E+00  0.144456E-14
 -0.100945E-07  0.165302E+01 -0.196230E-06 -0.258596E+00  0.608105E-10 -0.597328E-09
 -0.378927E-06  0.356880E-06  0.210947E+02 -0.371829E-06 -0.870365E-07 -0.843541E-16
  0.914922E-09 -0.258556E+00 -0.126397E-06  0.108297E+00 -0.392504E-09  0.126435E-09
  0.258557E+00 -0.259827E-09 -0.184333E-06 -0.281940E-09  0.108297E+00 -0.474492E-16
  0.373106E-14 -0.600570E-09 -0.186897E-14  0.128613E-09  0.124093E-14  0.131135E-12
89.4167
  0.166905E+01  0.421829E-09 -0.872572E-06  0.192687E-09  0.260892E+00  0.376462E-14
 -0.100093E-07  0.166905E+01  0.681593E-06 -0.260892E+00  0.158837E-09 -0.592544E-09
 -0.160649E-06  0.904735E-06  0.211571E+02 -0.207061E-07 -0.786581E-07  0.429107E-14
  0.835847E-09 -0.260845E+00  0.763876E-07  0.108657E+00 -0.361940E-09  0.125868E-09
  0.260845E+00 -0.251275E-09  0.239974E-07 -0.755127E-10  0.108657E+00 -0.680413E-15
  0.245167E-14 -0.594299E-09  0.148002E-14  0.127841E-09 -0.619262E-15  0.131579E-12
94.6000
  0.167513E+01  0.127688E-07 -0.638891E-06 -0.139305E-08  0.261828E+00  0.638437E-15
 -0.662558E-08  0.167513E+01  0.875975E-06 -0.261827E+00  0.954950E-09 -0.590942E-09
 -0.465622E-06 -0.315449E-06  0.211924E+02  0.205245E-06 -0.567063E-08  0.199042E-14
  0.112108E-08 -0.261780E+00  0.292372E-06  0.108826E+00  0.243660E-09  0.125726E-09
  0.261779E+00  0.264580E-08 -0.104592E-06  0.104109E-08  0.108826E+00 -0.262886E-15
  0.108459E-14 -0.593352E-09 -0.798046E-16  0.127772E-09  0.135140E-14  0.131706E-12
99.7833
  0.166229E+01  0.112935E-08 -0.988599E-06 -0.611341E-09  0.260201E+00 -0.890107E-16
 -0.179669E-08  0.166228E+01  0.620824E-06 -0.260200E+00 -0.933345E-11 -0.595889E-09
 -0.456966E-06  0.264118E-06  0.211813E+02 -0.444309E-06  0.131415E-07 -0.284834E-15
 -0.122502E-08 -0.260167E+00  0.812757E-07  0.108646E+00 -0.595007E-09  0.126443E-09
  0.260167E+00  0.819010E-09  0.328537E-07 -0.557674E-09  0.108647E+00  0.311537E-15
  0.155880E-14 -0.603397E-09  0.398768E-14  0.129172E-09  0.480101E-15  0.131177E-12
*******
  0.166731E+01  0.165473E-08 -0.859147E-06  0.896128E-09  0.260962E+00 -0.874922E-14
  0.545662E-09  0.166731E+01 -0.502186E-06 -0.260962E+00 -0.154826E-08 -0.594660E-09
 -0.187956E-06 -0.146140E-05  0.212086E+02 -0.611141E-07 -0.132875E-06 -0.791999E-14
  0.159262E-08 -0.260927E+00 -0.137063E-06  0.108781E+00  0.121998E-09  0.126314E-09
  0.260927E+00  0.336048E-09 -0.783624E-07  0.323848E-09  0.108781E+00 -0.249615E-15
  0.354102E-14 -0.602395E-09 -0.244750E-14  0.129080E-09 -0.174519E-15  0.131285E-12
*******
  0.167165E+01 -0.684435E-08 -0.817095E-06  0.519985E-09  0.261618E+00 -0.507991E-14
  0.640469E-08  0.167165E+01  0.278560E-06 -0.261618E+00 -0.205035E-08 -0.593561E-09
 -0.408006E-06  0.425525E-06  0.212320E+02  0.848886E-08  0.384197E-07  0.425745E-14
  0.238009E-08 -0.261583E+00 -0.262969E-06  0.108896E+00  0.141622E-09  0.126208E-09
  0.261583E+00 -0.124923E-08  0.100108E-06  0.158532E-09  0.108896E+00 -0.278186E-15
  0.413269E-14 -0.601529E-09  0.755939E-15  0.129001E-09  0.282217E-15  0.131378E-12
*******
  0.167541E+01  0.870087E-08 -0.814482E-06  0.629854E-09  0.262188E+00  0.224868E-14
  0.188149E-08  0.167541E+01  0.645358E-07 -0.262188E+00 -0.117088E-09 -0.592599E-09
 -0.201037E-06 -0.437668E-08  0.212525E+02  0.418191E-06  0.568484E-08 -0.486701E-14
 -0.131220E-08 -0.262152E+00 -0.902468E-07  0.108997E+00 -0.989194E-09  0.126115E-09
  0.262152E+00  0.361359E-09 -0.640836E-07  0.862012E-09  0.108997E+00 -0.207926E-15
 -0.141302E-13 -0.600776E-09  0.205231E-14  0.128933E-09  0.446175E-15  0.131459E-12
*******
  0.167870E+01 -0.153821E-07 -0.693395E-06  0.471393E-09  0.262687E+00  0.184244E-14
  0.150691E-09  0.167870E+01  0.148543E-05 -0.262686E+00 -0.255016E-08 -0.591757E-09
 -0.483695E-06  0.562997E-06  0.212703E+02 -0.195450E-06  0.143427E-07 -0.318373E-14
 -0.180250E-08 -0.262650E+00 -0.670768E-08  0.109084E+00 -0.401843E-09  0.126032E-09
  0.262650E+00 -0.160158E-08 -0.113752E-07 -0.243424E-09  0.109084E+00  0.571156E-15
  0.341571E-15 -0.600119E-09  0.337166E-15  0.128872E-09 -0.601556E-15  0.131529E-12
*******
  0.168158E+01 -0.625698E-08 -0.773390E-06 -0.248205E-09  0.263124E+00  0.234587E-14
 -0.172706E-07  0.168158E+01  0.579361E-06 -0.263124E+00  0.318591E-09 -0.591048E-09
 -0.199156E-07 -0.623075E-06  0.212860E+02 -0.347931E-06 -0.398313E-07 -0.361772E-14
  0.283027E-08 -0.263087E+00  0.132000E-06  0.109161E+00  0.618659E-09  0.125968E-09
  0.263087E+00 -0.327852E-09 -0.117597E-06  0.496409E-09  0.109161E+00  0.378023E-15
 -0.366735E-14 -0.599550E-09  0.204733E-14  0.128820E-09 -0.370958E-15  0.131591E-12
