   5.397862      -3.141496       3.354277      4.1973338E-04 -1.3701189E-08
 -3.3582026E-12 -8.8833850E-08 -1.2584496E-07  1.6328928E-09 -7.3496764E-14
  0.5218537      7.8912286E-05  4.7633173E-15  6.2328059E-22   37.08600    
  0.4492110       3.979750       10.16216      3.2329943E-08 -7.0634997E-08
 -2.8241340E-07 -1.8030405E-06  3.5463281E-09  1.7589628E-08  0.6102554    
   1.717286     -1.6280091E-15  6.6479211E-16   295.5549      0.8284358    
   1.760457       21.33465      1.0412516E-08  2.9575313E-07  2.4427254E-07
 -1.0136515E-05 -1.8422720E-09  5.6072167E-08  0.2472108       3.123585    
 -1.1363526E-14  2.0816682E-15   114.5205      -2.490868       1.308494    
   14.93075      8.3252498E-09  2.9809598E-07 -1.1551716E-06  6.9150701E-07
  1.8602270E-09  1.0324584E-08  0.1998516       2.074508     -9.3427988E-16
  8.0803420E-15   72.14906      -2.087601       1.215062       13.01188    
 -6.6784711E-09  2.9380317E-08 -7.8011306E-07 -1.9571744E-06 -1.7700062E-10
  1.1672455E-08  0.1934774       1.752460      4.2499418E-16  1.9845237E-14
   42.85815      -2.134778       1.245126       9.305096     -5.9626313E-09
  9.8058081E-08  1.6698789E-07  1.2272503E-06 -1.5612341E-10 -3.9199222E-10
  0.2012708       1.233833      1.9173467E-15 -1.1823875E-14   6.894258    
   2.359071       1.293804       6.216518      1.5619054E-08 -1.0222720E-09
 -2.6789894E-07 -4.7674403E-06 -3.9523718E-10 -9.9134922E-11  0.2078181    
  0.8215982      1.0578333E-15 -5.7391158E-15   1.987655      -1.114975    
   1.347399       3.226771      1.6159792E-08 -9.2709342E-09 -9.4363017E-08
 -8.6287037E-07  3.3143524E-10  9.0494723E-11  0.2121677      0.4276288    
 -7.1944954E-15 -2.6823162E-15   15.27810     -0.6638002       1.411673    
  -5.694448      3.3971865E-09  4.7744834E-08 -3.4982313E-07 -1.2401179E-06
 -2.0960207E-09 -1.6671038E-09  0.2219094     -0.7516924      9.9582000E-16
 -7.5888460E-15   12.29312     -0.2994097       1.488961      -3.427742    
 -1.6650183E-08  3.0999217E-08  1.6097604E-07 -3.3575343E-06 -8.1332913E-11
  6.0235834E-09  0.2333704     -0.4515113      3.2829686E-15  4.4168770E-15
   5.642827     -0.3980520       1.521024      -5.542457     -7.6597484E-09
 -5.3238182E-08 -4.3076884E-07  4.0198211E-07 -1.5424666E-09 -1.3797035E-09
  0.2384667     -0.7311065     -8.4510637E-16 -5.9338385E-16   10.28535    
   2.940068       1.653449      -4.550795      1.2576449E-08  1.0932490E-07
 -4.8293566E-07 -3.0521769E-06 -1.6029982E-09  1.1496013E-09  0.2569981    
 -0.6043963      4.6171512E-15  2.3416599E-15   3.174574       3.133746    
   1.652737     -0.1840127     -1.6745473E-08 -5.7684701E-10 -4.7918383E-07
  1.5515834E-06 -2.9571325E-09  1.6498802E-11  0.2573410     -2.4440706E-02
 -5.2822465E-15 -1.3190810E-15  0.7871091      4.4652936E-03   1.640131    
  0.1063479     -1.4237643E-10 -7.4817308E-10 -2.0610683E-07  3.3430297E-07
  5.0085993E-09  1.8374635E-11  0.2561825      1.4210302E-02  4.7658131E-15
  2.2249184E-16  0.8984228      2.4750924E-02   1.654569      0.6440418    
  1.5634116E-08  5.5661076E-10 -2.1101015E-07 -4.4253829E-07  4.4790482E-09
 -4.4917670E-10  0.2583752      8.6057484E-02  1.8916082E-15  8.1857264E-16
   1.262565      6.4708022E-03   1.651322      0.1756192      6.2971779E-09
  2.2328095E-10 -4.1470656E-08  1.6251033E-07  3.6080650E-10 -3.0780711E-11
  0.2581548      2.3466393E-02 -3.9602166E-15 -2.1574268E-16  0.7911782    
  -3.134613       1.653015      0.2002557     -1.0094549E-08 -1.9758772E-09
 -3.7892704E-07  7.4083800E-08  9.1492219E-10 -1.8749802E-10  0.2585566    
  2.6758328E-02  3.7310628E-15  2.7553643E-16  0.1898497      -3.141296    
   1.669052      1.0498933E-02 -1.0009332E-08 -1.2718715E-11 -1.6064925E-07
 -7.3637239E-09  8.3584689E-10  1.3407941E-11  0.2608448      1.4028767E-03
  2.4516738E-15 -2.5556678E-17  0.3904131      -3.141358       1.675132    
  7.8156861E-03 -6.6255823E-09  6.4062533E-11 -4.6562192E-07 -1.3635372E-08
  1.1210820E-09 -1.3633539E-12  0.2617795      1.0443401E-03  1.0845873E-15
 -2.0752307E-18  0.2094771       3.141588       1.662286      0.0000000E+00
 -1.7966888E-09  0.0000000E+00 -4.5696564E-07  0.0000000E+00 -1.2250151E-09
  0.0000000E+00  0.2601669      0.0000000E+00  1.5587998E-15  0.0000000E+00
  5.3791404E-02  -3.141585       1.667310      0.0000000E+00  5.4566202E-10
  0.0000000E+00 -1.8795616E-07  0.0000000E+00  1.5926233E-09  0.0000000E+00
  0.2609274      0.0000000E+00  3.5410164E-15  0.0000000E+00  1.7263031E-02
   3.141565       1.671646      0.0000000E+00  6.4046923E-09  0.0000000E+00
 -4.0800637E-07  0.0000000E+00  2.3800935E-09  0.0000000E+00  0.2615831    
  0.0000000E+00  4.1326894E-15  0.0000000E+00  3.3382566E-03  8.6716500E-06
   1.675408      0.0000000E+00  1.8814874E-09  0.0000000E+00 -2.0103654E-07
  0.0000000E+00 -1.3121962E-09  0.0000000E+00  0.2621523      0.0000000E+00
 -1.4130170E-14  0.0000000E+00  2.5848337E-03  -3.141560       1.678696    
  0.0000000E+00  1.5069107E-10  0.0000000E+00 -4.8369515E-07  0.0000000E+00
 -1.8024970E-09  0.0000000E+00  0.2626498      0.0000000E+00  3.4157083E-16
  0.0000000E+00  1.7247713E-04  -3.141565       1.681585      0.0000000E+00
 -1.7270589E-08  0.0000000E+00 -1.9915634E-08  0.0000000E+00  2.8302722E-09
  0.0000000E+00  0.2630869      0.0000000E+00 -3.6673465E-15  0.0000000E+00
  4.9411906E-06   1.571141      1.0203132E-08 -9.3969277E-13   3.354279    
  4.1974877E-04 -1.0154774E-06  2.5447662E-07 -0.5218537     -7.8913836E-05
  6.2251417E-09  1.7430501E-13 -4.6014220E-10 -5.5889423E-14  4.2269658E-05
 -0.7806191     -2.2714455E-09  2.6688213E-08   3.979749       10.16217    
 -2.6375344E-06 -2.1006563E-06 -0.6102552      -1.717286     -6.6482428E-09
  1.6851118E-08 -3.7097625E-10 -4.1953288E-10  5.9200233E-06  -1.980747    
 -3.3477711E-08  7.2235707E-08   1.760457       21.33466      6.3333246E-08
 -6.2378822E-06 -0.2472109      -3.123582      7.6709361E-10 -2.4570909E-08
 -3.1410655E-10  2.4419535E-09  2.9603696E-06  -2.253742     -1.5199626E-10
  4.1931344E-08   1.308484       14.93065      3.7165850E-07 -5.7304860E-06
 -0.1998516      -2.074497     -8.0661655E-10  1.9335857E-09 -4.7217508E-10
  5.0318096E-09  2.3656385E-06  -2.082484     -8.2424173E-10 -7.1871909E-08
   1.215062       13.01189     -4.7511193E-07  3.8498110E-06 -0.1934771    
  -1.752461     -3.1437425E-10  2.4936526E-08 -6.2743005E-10  4.8421569E-09
  9.0106352E-07 -0.7373718      6.9592545E-09 -1.8859282E-08   1.245128    
   9.305096      6.5854141E-07  2.5681948E-07 -0.2012708      -1.233834    
 -2.9834543E-10  1.5206751E-09 -6.8662531E-10  4.1047237E-09  7.8676976E-07
  0.1099383     -1.5432216E-08  5.9804734E-08   1.293802       6.216522    
  6.3740977E-08  5.0551171E-07 -0.2078181     -0.8215981     -4.7069154E-10
 -1.6957529E-09 -7.1402873E-10  3.0352352E-09  1.3547331E-07  0.3816034    
 -7.3999886E-09 -2.7339865E-08   1.347399       3.226767      1.1820158E-07
 -1.3353056E-06 -0.2121677     -0.4276285      7.5889378E-10  2.7059741E-09
 -7.0322587E-10  1.7104000E-09  1.2332929E-07   1.010221      2.0726105E-08
  1.5548721E-08   1.411672      -5.694446      5.3418582E-08 -6.1838455E-07
 -0.2219093      0.7516920     -1.7013154E-09 -2.3537723E-09 -6.7398037E-10
 -3.1241252E-09  4.7029920E-07  -1.573148      1.7388249E-08  1.1783413E-08
   1.488962      -3.427738      5.5520030E-07  1.2780765E-07 -0.2333703    
  0.4515108     -1.7905381E-09  4.9813025E-09 -6.4156991E-10 -1.9792661E-09
  2.7558494E-06  -1.143370      5.7404292E-10  4.8530637E-09   1.521023    
  -5.542458      4.5280157E-07  2.5261106E-06 -0.2384666      0.7311054    
 -8.4353641E-10  1.3806130E-09 -6.3859573E-10 -3.2248735E-09  1.5471832E-06
   2.062015     -1.1238954E-08  4.5110937E-10   1.653450      -4.550795    
  3.8935088E-08 -6.5495988E-07 -0.2569980      0.6043972      7.7854206E-10
 -6.6065695E-09 -5.6847843E-10 -2.7203764E-09  2.2491884E-07   3.135317    
 -2.4163054E-09  1.4895249E-09   1.652736     -0.1840134     -7.5281662E-07
  3.5664470E-08 -0.2573408      2.4440834E-02 -1.5894817E-09  2.8036595E-10
 -5.7839450E-10 -1.1005438E-10  8.0192990E-07   1.573518      1.4498667E-08
 -1.9963409E-09   1.640130      0.1063484     -7.6152406E-07  6.1920673E-09
 -0.2561822     -1.4210388E-02 -3.5102570E-09  7.4081186E-11 -5.9355770E-10
  6.3593429E-11  3.5299496E-07   1.655190      2.2187207E-08  9.3677954E-11
   1.654569      0.6440399     -8.3339931E-09 -1.4426223E-07 -0.2583752    
 -8.6057208E-02  1.2986403E-09  1.7485036E-10 -5.9089517E-10  3.8431025E-10
  6.5691168E-08  -1.637412      4.6301043E-09 -2.2319000E-09   1.651322    
  0.1756197     -1.3640548E-07 -2.4230076E-08 -0.2581547     -2.3466473E-02
 -1.8261226E-10 -1.6868285E-10 -5.9761363E-10  1.0484750E-10  6.7306352E-08
   1.478848      3.4662007E-09  8.7857188E-10   1.653017      0.2002562    
  3.5688046E-07  3.0011051E-09 -0.2585564     -2.6758408E-02 -2.5982685E-10
  1.0135182E-10 -6.0057020E-10  1.1954451E-10  6.6846648E-09  -1.681227    
  4.2182929E-10  1.0747669E-10   1.669050      1.0498888E-02  9.0473526E-07
 -5.3196914E-10 -0.2608447     -1.4028718E-03 -2.5127486E-10 -2.9292124E-12
 -5.9429950E-10  6.2654968E-12  4.8554685E-09   2.674489      1.2768767E-08
 -8.0376594E-11   1.675130      7.8156907E-03 -3.1544860E-07  6.3670313E-10
 -0.2617796     -1.0443402E-03  2.6458029E-09  8.4376950E-14 -5.9335198E-10
  4.6612007E-12  1.1626035E-08   1.387955      1.1293473E-09  0.0000000E+00
   1.662284      0.0000000E+00  2.6411792E-07  0.0000000E+00 -0.2601667    
  0.0000000E+00  8.1901008E-10  0.0000000E+00 -6.0339667E-10  0.0000000E+00
  4.9624562E-09   1.638913      1.6547311E-09  0.0000000E+00   1.667312    
  0.0000000E+00 -1.4613981E-06  0.0000000E+00 -0.2609273      0.0000000E+00
  3.3604794E-10  0.0000000E+00 -6.0239458E-10  0.0000000E+00  8.4338692E-10
  -1.884485     -6.8443540E-09  0.0000000E+00   1.671645      0.0000000E+00
  4.2552520E-07  0.0000000E+00 -0.2615830      0.0000000E+00 -1.2492321E-09
  0.0000000E+00 -6.0152927E-10  0.0000000E+00  9.3244878E-10   1.519665    
  8.7008702E-09  0.0000000E+00   1.675407      0.0000000E+00 -4.3766790E-09
  0.0000000E+00 -0.2621523      0.0000000E+00  3.6135867E-10  0.0000000E+00
 -6.0077560E-10  0.0000000E+00  1.9048080E-10   1.378284     -1.5382080E-08
  0.0000000E+00   1.678696      0.0000000E+00  5.6299729E-07  0.0000000E+00
 -0.2626497      0.0000000E+00 -1.6015755E-09  0.0000000E+00 -6.0011901E-10
  0.0000000E+00  4.0899961E-12  -3.126119     -6.2569763E-09  0.0000000E+00
   1.681585      0.0000000E+00 -6.2307481E-07  0.0000000E+00 -0.2630867    
  0.0000000E+00 -3.2785222E-10  0.0000000E+00 -5.9955008E-10  0.0000000E+00
   70.44931       1.656951     -4.2052798E-07 -1.1468387E-07 -1.3978794E-06
  6.7892358E-11   41.63672       4.663671      5.0694399E-07  7.3082873E-11
 -1.3325078E-07 -2.0999153E-08 -7.1523986E-16  9.5059596E-21   959.8071    
   2.188392     -3.4475696E-07  5.0626695E-06 -1.6253135E-06 -4.8356596E-06
   23.43635       95.48969     -2.0074911E-08 -2.4145702E-06  7.3548151E-08
  1.1175871E-07 -2.0142414E-15  3.5594357E-16   248.5311       1.547026    
  5.4921406E-07  2.1681190E-06  1.9591695E-07 -2.1406449E-06   17.42626    
   67.59306      1.3953870E-07  1.3294921E-06  3.7678639E-08  6.1001629E-07
 -2.5336869E-15  3.1710745E-15   91.47870      -2.857160      7.1556524E-06
  8.3964318E-05 -1.2593581E-07 -2.4409383E-06   18.49398       48.79013    
 -6.9697194E-08  1.1255543E-06  9.0556608E-07  8.2838815E-06  2.2912762E-15
  1.5126789E-15   53.59076      -1.126401     -3.8244815E-07 -7.9348683E-07
  7.4879189E-08 -1.2938981E-06   19.18268       31.76629      8.8320668E-08
 -3.3278775E-07  2.3332381E-08 -3.5972334E-07 -3.4767958E-16  5.9639793E-15
   20.88411      -1.672333     -2.6170562E-07 -1.8710271E-06 -3.3669619E-07
  9.6727745E-06   19.65159       19.85343     -1.4123822E-07  3.4160621E-07
 -3.6408835E-08 -6.2666368E-07  8.6275134E-16  4.2934406E-15   17.30834    
   2.650527     -1.7798608E-07  1.4984980E-06  1.6247841E-07  4.0046871E-07
   19.22017       10.52099      3.6492608E-07  6.3424523E-08 -1.8120546E-07
  2.7834903E-07  8.3952045E-16 -1.3851767E-15   8.948333      -2.509236    
 -2.1251503E-07  6.1403261E-07  2.2614415E-07 -3.1780655E-07   19.32681    
  -6.435497     -2.3667573E-07 -2.7942406E-08  1.9744867E-07  5.8527803E-08
 -1.7546942E-15 -1.2368578E-15   1.077278       1.554567     -6.1149359E-07
 -1.9203871E-06  5.6273524E-07  2.9551738E-06   19.88318       2.840492    
  2.4847372E-08 -7.7190634E-08 -1.5923223E-07 -1.1315569E-07 -2.5155252E-15
  1.1249682E-15   6.747725       1.687934     -9.5466874E-07 -3.3802353E-06
  1.3363654E-06  2.0168955E-06   20.32624       3.416703      2.5140852E-07
 -2.5980262E-07 -1.4761316E-07 -3.3294782E-07 -1.3845951E-15  1.0164395E-15
   14.04390       1.164527     -4.8966302E-07  5.3364784E-07 -4.7555295E-07
  2.4351175E-06   20.32768      -10.50824     -9.5860791E-08  5.7942088E-08
 -1.7864568E-07  3.1664968E-08  2.5303892E-15 -9.8662398E-16   21.37308    
   1.378834     -4.0474606E-07 -3.5511330E-06  3.5418475E-07  1.4148827E-06
   20.87194      -10.02075     -1.5152425E-07  1.3554745E-07  3.8839268E-08
 -2.3061875E-07  1.2907652E-15  2.3652955E-15   2.934474      -1.547424    
 -5.9416914E-07  2.0922889E-06  4.5058414E-07  7.8090125E-08   20.86675    
   1.136691      1.3738108E-07 -8.8891738E-09 -1.2155593E-07  2.8385512E-07
  2.6103353E-15 -6.1766998E-16   9.856435       1.568212     -1.0183848E-06
  3.8032886E-07  7.2340788E-07 -3.7966856E-08   20.95970     -0.1387564    
 -2.2026312E-07  6.2487402E-09  1.3971874E-07  5.1193638E-08 -2.3664644E-15
 -8.3863038E-17  0.1126821      -1.544191     -8.1862254E-07 -6.3428888E-07
 -4.4723660E-07  3.1282252E-07   21.03761       1.575853     -1.2531248E-07
  1.8441369E-08 -1.6138443E-07 -1.0705844E-07  3.6372834E-16  5.9457647E-16
  0.5617122      -1.567898     -7.7550123E-07  2.0908192E-07 -5.9262982E-07
 -8.3792656E-08   21.05949      0.1748739      1.6148815E-07 -5.6194267E-09
  8.7842388E-08  2.5203917E-08 -2.6459962E-15 -4.7217005E-17  0.6020977    
   1.577525     -8.2366216E-07  3.0704541E-08 -1.9623008E-07 -3.5541234E-08
   21.09471      0.4317652     -1.2639747E-07 -1.4202215E-08 -1.8433333E-07
  9.4696588E-09 -1.8689708E-15 -9.6493993E-18  2.9129205E-02  -1.570489    
 -8.7257212E-07 -9.3923518E-09  6.8159278E-07 -2.9282319E-09   21.15714    
  2.1772517E-02  7.6387558E-08  1.1823431E-10  2.3997400E-08 -1.2571491E-09
  1.4800216E-15 -3.2526065E-19  0.3405912      -1.570545     -6.3889121E-07
 -1.6759259E-08  8.7597488E-07  1.0192025E-10   21.19241      1.9288432E-02
  2.9237228E-07 -1.0917489E-10 -1.0459166E-07 -2.4801921E-09 -7.9804619E-17
 -1.7364175E-18  0.1168895       1.570784     -9.8859880E-07  0.0000000E+00
  6.2082364E-07  0.0000000E+00   21.18128      0.0000000E+00  8.1275665E-08
  0.0000000E+00  3.2853738E-08  0.0000000E+00  3.9876795E-15  0.0000000E+00
  5.7969872E-02   1.570787     -8.5914706E-07  0.0000000E+00 -5.0218648E-07
  0.0000000E+00   21.20856      0.0000000E+00 -1.3706320E-07  0.0000000E+00
 -7.8362390E-08  0.0000000E+00 -2.4474964E-15  0.0000000E+00  3.0675089E-02
  -1.570793     -8.1709499E-07  0.0000000E+00  2.7855972E-07  0.0000000E+00
   21.23204      0.0000000E+00 -2.6296863E-07  0.0000000E+00  1.0010766E-07
  0.0000000E+00  7.5593942E-16  0.0000000E+00  9.4794706E-03   1.570812    
 -8.1448223E-07  0.0000000E+00  6.4535833E-08  0.0000000E+00   21.25249    
  0.0000000E+00 -9.0246800E-08  0.0000000E+00 -6.4083629E-08  0.0000000E+00
  2.0523090E-15  0.0000000E+00  1.4359824E-03   1.570801     -6.9339529E-07
  0.0000000E+00  1.4854276E-06  0.0000000E+00   21.27034      0.0000000E+00
 -6.7076846E-09  0.0000000E+00 -1.1375244E-08  0.0000000E+00  3.3716623E-16
  0.0000000E+00  9.2537672E-04   1.570780     -7.7339041E-07  0.0000000E+00
  5.7936120E-07  0.0000000E+00   21.28600      0.0000000E+00  1.3200035E-07
  0.0000000E+00 -1.1759708E-07  0.0000000E+00  2.0473326E-15  0.0000000E+00
  1.3602147E-06   1.714930      1.1193781E-10  3.7658765E-13 -0.5212784    
 -7.8735204E-05 -9.6230701E-07  4.6762580E-08  0.1492220      1.4800798E-05
 -3.5820100E-10 -9.9031894E-14  1.1010856E-10  1.0562492E-14  1.1379830E-05
  0.5124363      2.5138527E-10  1.5425030E-09 -0.6095345      -1.716270    
  1.3359332E-07 -1.2119999E-06  0.1612283      0.2899482     -5.6112787E-10
  1.4406396E-09  9.5904139E-11  7.0974747E-11  9.5630867E-06   1.946635    
 -1.1899306E-09  1.7753337E-08 -0.2475275      -3.135824     -1.0471389E-07
  1.2542587E-06  0.1023469      0.4586248      9.7539388E-10 -1.8990249E-09
  8.9330141E-11 -3.5848124E-10  2.1869837E-06   1.362763      1.0190659E-10
  1.2034434E-08 -0.1857456      -1.868064     -5.3557955E-07  7.9066376E-07
  9.6952587E-02  0.2600424     -3.7999065E-10 -2.8594513E-09  1.0989615E-10
 -6.3873090E-10  3.0726946E-07   1.897279     -1.4661992E-09 -7.1158865E-09
 -0.1950121      -1.732037     -1.5368937E-07  9.4155257E-07  9.9086031E-02
  0.2337359     -1.3209002E-11 -9.3677954E-10  1.3402880E-10 -6.4651112E-10
  3.9921426E-07  -2.596003     -4.2345802E-10 -6.2791514E-09 -0.2019857    
  -1.223217     -2.8774613E-07 -2.8582144E-07  0.1003635      0.1621462    
  1.7751019E-10 -1.2005330E-10  1.4119253E-10 -5.3847260E-10  3.3515612E-08
   1.794080      3.9523718E-10  2.9103830E-11 -0.2097628     -0.8145530    
 -5.6198417E-07 -8.5878128E-08  0.1001530      0.1076348      2.6947991E-10
 -2.2782842E-10  1.4424602E-10 -3.9736756E-10  2.5172593E-08 -0.2547933    
  4.3365360E-11  1.8071660E-09 -0.2144205     -0.4180446      1.1359246E-07
 -1.7129059E-07  0.1004006      5.5418301E-02 -3.9028822E-10  6.4926553E-10
  1.3910430E-10 -2.2163496E-10  6.6674644E-08  -1.828109     -2.3954522E-10
 -4.6566129E-10 -0.2230663      0.7665794     -4.5620297E-07 -1.3634985E-07
  0.1021029     -0.1011905     -4.1648202E-10  6.7029760E-10  1.3635801E-10
  4.2052814E-10  7.2543834E-08  -1.306973      8.7645319E-10  2.1173037E-09
 -0.2341904      0.4615259     -2.5560386E-08 -8.8462912E-08  0.1039789    
 -6.0793258E-02 -3.3018735E-10 -5.5297278E-10  1.3266419E-10  2.6650321E-10
  5.5181317E-07   1.555712      1.5643766E-09 -1.4988473E-09 -0.2390549    
  0.7501216     -4.3276702E-07  3.4871482E-07  0.1049080     -9.8948330E-02
 -4.4477375E-10  1.4551915E-10  1.3271646E-10  4.3646142E-10  3.4762542E-07
   1.390170      7.5857948E-10  7.1304385E-10 -0.2573624      0.6108830    
 -3.2135023E-07  5.3011900E-07  0.1075929     -8.1131935E-02  6.9869160E-10
 -1.5825208E-10  1.2357880E-10  3.6517456E-10  1.2318422E-08 -0.3800128    
 -2.3319731E-09 -1.0800250E-10 -0.2576469      2.4532609E-02  4.0599798E-07
  1.8235369E-08  0.1077867     -3.2584181E-03  1.2466522E-10  3.4816594E-12
  1.2513253E-10  1.4672655E-11  2.3571411E-07   1.592027     -5.9323513E-10
 -1.7394086E-10 -0.2562366     -1.4267322E-02 -4.4936716E-08  1.4878765E-09
  0.1077447      1.9064132E-03 -1.0881628E-09  1.3727686E-11  1.2735292E-10
 -8.5312165E-12  2.4758428E-08  -1.466058     -1.4184179E-10  4.8430593E-10
 -0.2584299     -8.6707190E-02  6.6671942E-07 -2.1454071E-08  0.1081336    
  1.1585900E-02 -1.5760199E-10 -2.2851054E-11  1.2712338E-10 -5.1740029E-11
  2.0285935E-09  -2.155442      3.2988021E-10 -4.5247361E-11 -0.2581991    
 -2.3605462E-02 -3.9444248E-07 -7.1466957E-09  0.1081803      3.1541858E-03
 -4.3885851E-10  2.0236257E-11  1.2812931E-10 -1.4092769E-11  7.2116340E-09
   1.863509     -7.1037765E-10 -1.0913936E-11 -0.2585957     -2.6922818E-02
 -3.7182880E-07 -7.2236617E-09  0.1082969      3.5974523E-03 -2.8193978E-10
 -2.2055247E-11  1.2861306E-10 -1.6071646E-11  2.0811779E-09   1.676531    
  1.9268745E-10  9.0523145E-12 -0.2608920     -1.4123227E-03 -2.0706089E-08
  6.1895378E-10  0.1086568      1.8871608E-04 -7.5512652E-11 -7.1942452E-13
  1.2784071E-10 -8.4284527E-13  3.2761327E-09  -1.661004     -1.3930459E-09
  9.3933750E-12 -0.2618274     -1.0508344E-03  2.0524539E-07  4.3218051E-10
  0.1088262      1.4041339E-04  1.0410927E-09  6.1106675E-13  1.2777156E-10
 -6.2670561E-13  3.7324210E-09  -1.577436     -6.1134087E-10  0.0000000E+00
 -0.2602004      0.0000000E+00 -4.4430948E-07  0.0000000E+00  0.1086465    
  0.0000000E+00 -5.5767352E-10  0.0000000E+00  1.2917177E-10  0.0000000E+00
  4.3218665E-10   1.565470      8.9612784E-10  0.0000000E+00 -0.2609618    
  0.0000000E+00 -6.1114143E-08  0.0000000E+00  0.1087806      0.0000000E+00
  3.2384817E-10  0.0000000E+00  1.2907983E-10  0.0000000E+00  9.6280239E-10
   1.583180      5.1998489E-10  0.0000000E+00 -0.2616181      0.0000000E+00
  8.4888594E-09  0.0000000E+00  0.1088960      0.0000000E+00  1.5853198E-10
  0.0000000E+00  1.2900120E-10  0.0000000E+00  4.4377696E-10  -1.569491    
  6.2985417E-10  0.0000000E+00 -0.2621881      0.0000000E+00  4.1819089E-07
  0.0000000E+00  0.1089965      0.0000000E+00  8.6201196E-10  0.0000000E+00
  1.2893259E-10  0.0000000E+00  8.1040202E-11  -1.557425      4.7139259E-10
  0.0000000E+00 -0.2626863      0.0000000E+00 -1.9545018E-07  0.0000000E+00
  0.1090841      0.0000000E+00 -2.4342403E-10  0.0000000E+00  1.2887200E-10
  0.0000000E+00  1.5109818E-11  -1.553168     -2.4820451E-10  0.0000000E+00
 -0.2631240      0.0000000E+00 -3.4793086E-07  0.0000000E+00  0.1091612    
  0.0000000E+00  4.9640902E-10  0.0000000E+00  1.2881977E-10  0.0000000E+00
  0.8186415      -3.141474      0.5212786      7.8734345E-05  2.2387562E-11
  6.5014660E-13 -1.1175872E-07  0.0000000E+00 -3.0223210E-10 -2.4424907E-14
  0.1492219      1.4800851E-05 -2.9957340E-16 -8.2097676E-23   13.83812    
  0.1977277      0.6095338       1.716269      1.6429824E-09 -7.6252036E-09
 -2.6891041E-07  2.3283064E-07  4.8930349E-10 -4.1836756E-10  0.1612284    
  0.2899482      2.0153118E-15  4.8545152E-17   60.68206      0.5553961    
  0.2475277       3.135833     -4.6399809E-10  1.3882527E-08  4.0488572E-07
 -1.4947727E-06 -4.9892269E-12  9.6770236E-10  0.1023469      0.4586251    
  9.7719428E-16  4.8312049E-16   15.18821      -2.532580      0.1857481    
   1.868087      1.2228790E-09 -1.6785634E-08 -7.3930983E-07  1.2014061E-07
 -5.1126015E-10 -3.4979166E-09  9.6952476E-02  0.2600445     -8.2854921E-16
  1.0503751E-15   9.006069      -1.948581      0.1950123       1.732038    
 -2.4040384E-10  5.9662852E-09 -8.7919112E-09 -3.2596290E-09 -8.5065971E-10
  2.3774192E-09  9.9086054E-02  0.2337359      3.1870626E-16 -6.9165593E-15
   5.479301      -2.086428      0.2019858       1.223216      4.6195420E-10
  8.4910425E-09 -3.2850076E-09  3.4435652E-07  2.9299874E-10  6.1845640E-11
  0.1003634      0.1621463     -3.3653421E-16  2.2273849E-15  0.9048582    
   2.360676      0.2097629      0.8145531      1.3294342E-10  1.1168595E-09
 -1.2141686E-07 -9.0093818E-07 -2.8744522E-11  4.5474735E-12  0.1001529    
  0.1076347      9.7144515E-16  1.7751642E-15  0.2568429      -1.124660    
  0.2144205      0.4180448      3.6241049E-10  1.6298145E-09 -6.6609189E-08
 -3.1292439E-07 -4.6462884E-10 -1.5461410E-11  0.1004006      5.5418335E-02
 -5.4243386E-16 -7.5850784E-16   2.043677     -0.6687848      0.2230666    
 -0.7665792      2.5587785E-10  6.6575012E-09 -9.4772794E-08 -2.0391599E-07
 -2.6404415E-10  6.7666406E-10  0.1021029     -0.1011904      7.0481437E-16
  1.9871257E-15   1.639554     -0.3023466      0.2341908     -0.4615269    
  7.9390633E-10 -3.9217412E-09 -8.3906436E-08 -4.4540502E-07  8.4974687E-11
  1.7689672E-10  0.1039789     -6.0793396E-02  3.4730647E-17  4.1665889E-16
  0.7528871     -0.4040960      0.2390549     -0.7501213      4.3820073E-10
  1.4842954E-09 -1.5032037E-07 -6.6589564E-08 -5.3022287E-10  1.3096724E-09
  0.1049080     -9.8948203E-02 -7.3341587E-16 -1.1763594E-16   1.374040    
   2.939086      0.2573626     -0.6108822      7.7854206E-10 -5.3041731E-09
 -1.3338223E-07 -2.9837247E-07 -5.3899066E-11  3.9790393E-10  0.1075930    
 -8.1131808E-02  5.9350455E-16 -2.5099280E-16  0.4242662       3.133766    
  0.2576469     -2.4532501E-02 -1.3566510E-10  6.3550942E-11  1.8585385E-07
  2.0602602E-07  3.2999620E-11  1.0587087E-11  0.1077867     -3.2584057E-03
 -2.7974123E-17  6.2020430E-16  0.1051742      4.4816802E-03  0.2562371    
  1.4267236E-02 -1.2542686E-10 -1.0231815E-11 -5.4672551E-08  4.5616616E-08
 -8.6442836E-10  1.8474111E-12  0.1077447      1.9064004E-03 -3.8552032E-16
  2.2869890E-16  0.1201648      2.4913549E-02  0.2584302      8.6707495E-02
  1.6390606E-10 -1.5870683E-10 -2.4369049E-07 -7.4651325E-08 -6.3040795E-11
 -3.1150194E-11  0.1081336      1.1585947E-02  1.0382039E-15  5.9631119E-18
  0.1689547      6.4989454E-03  0.2581994      2.3605367E-02 -7.6579337E-10
 -1.8189894E-10 -3.6192571E-08  2.2519089E-08  1.2341055E-09 -6.6506800E-12
  0.1081802      3.1541712E-03  1.4522081E-15 -1.2359905E-17  0.1059273    
  -3.134584      0.2585956      2.6922747E-02  6.0810537E-11 -1.5097612E-10
 -8.7036469E-08  9.2404662E-09 -3.9250439E-10  2.0747848E-12  0.1082970    
  3.5974449E-03  1.2409280E-15 -1.3823578E-18  2.5432998E-02  -3.141294    
  0.2608924      1.4123286E-03  1.5883696E-10 -1.6584067E-11 -7.8658140E-08
 -8.0126483E-10 -3.6193995E-10  1.4104273E-12  0.1086567      1.8871663E-04
 -6.1926240E-16 -1.2972310E-18  5.2321456E-02  -3.141357      0.2618277    
  1.0508334E-03  9.5495023E-10 -7.5885964E-12 -5.6706324E-09 -2.0227162E-09
  2.4365998E-10 -7.0965456E-13  0.1088262      1.4041326E-04  1.3513973E-15
 -1.4505439E-19  2.8078074E-02   3.141588      0.2602006      0.0000000E+00
 -9.3334481E-12  0.0000000E+00  1.3141495E-08  0.0000000E+00 -5.9500732E-10
  0.0000000E+00  0.1086466      0.0000000E+00  4.8010145E-16  0.0000000E+00
  7.2122794E-03  -3.141585      0.2609621      0.0000000E+00 -1.5482605E-09
  0.0000000E+00 -1.3287536E-07  0.0000000E+00  1.2199761E-10  0.0000000E+00
  0.1087805      0.0000000E+00 -1.7451898E-16  0.0000000E+00  2.3151804E-03
   3.141565      0.2616183      0.0000000E+00 -2.0503470E-09  0.0000000E+00
  3.8419699E-08  0.0000000E+00  1.4162191E-10  0.0000000E+00  0.1088961    
  0.0000000E+00  2.8221738E-16  0.0000000E+00  4.4779907E-04  8.4427502E-06
  0.2621884      0.0000000E+00 -1.1708828E-10  0.0000000E+00  5.6848379E-09
  0.0000000E+00 -9.8919406E-10  0.0000000E+00  0.1089965      0.0000000E+00
  4.4617503E-16  0.0000000E+00  3.4679571E-04  -3.141560      0.2626866    
  0.0000000E+00 -2.5501565E-09  0.0000000E+00  1.4342699E-08  0.0000000E+00
 -4.0184284E-10  0.0000000E+00  0.1090841      0.0000000E+00 -6.0155618E-16
  0.0000000E+00  2.3144177E-05  -3.141564      0.2631242      0.0000000E+00
  3.1859088E-10  0.0000000E+00 -3.9831267E-08  0.0000000E+00  6.1865901E-10
  0.0000000E+00  0.1091611      0.0000000E+00 -3.7095758E-16  0.0000000E+00
  1.7342593E-14  -2.224540     -8.7536821E-16 -1.1655173E-18 -4.1386430E-10
 -4.8161636E-14  1.4603704E-14  4.1078252E-15  1.0109418E-10  9.0848790E-15
  6.6186376E-16 -1.0587912E-19  1.3552171E-13  1.3307649E-21  4.3680413E-13
  -1.232970      4.6749239E-15  1.0713652E-14 -3.1895067E-10 -2.9288941E-10
  4.4523084E-15 -1.3988810E-14  8.6049980E-11  4.9711839E-11 -4.6235510E-16
  4.0661918E-15  1.3683545E-13 -4.4597118E-17  4.1558499E-13  -1.437901    
  1.9032390E-16  1.2212453E-15 -2.8423502E-10  2.6684193E-09 -8.7548992E-16
  2.8310687E-14  8.2505364E-11 -3.8825415E-10  3.6637349E-16  3.1225023E-15
  1.3878909E-13  1.1449681E-14  2.5004955E-13   2.042784      1.5483823E-15
 -2.9420910E-15 -3.7545936E-10  5.2163207E-09 -8.4337414E-16  1.5432100E-14
  9.9613033E-11 -7.2466372E-10 -2.8002658E-16 -2.4216740E-15  1.3673311E-13
  7.5382226E-14  8.2811508E-13 -0.8899625     -5.8450477E-16  4.5796700E-15
 -6.0014987E-10  5.1063500E-09 -8.7877271E-15 -9.5479180E-15  1.2863884E-10
 -6.7606831E-10  6.1473776E-16  5.4817262E-16  1.3685711E-13  7.4547830E-14
  5.9816361E-13 -0.3891230      2.6596400E-15  1.0089152E-14 -6.4986977E-10
  4.9144515E-09 -2.2517198E-15 -1.0547119E-14  1.3437799E-10 -6.5002326E-10
 -6.3227637E-16 -1.5404344E-15  1.3639472E-13  2.3136614E-13  5.7103020E-13
   1.794695     -1.3706456E-17 -1.1796120E-14 -6.9312228E-10  3.5096508E-09
 -5.5374084E-15 -2.4008573E-15  1.3848359E-10 -4.6430959E-10  3.4266141E-16
 -1.2385926E-15  1.3079643E-13  2.6483880E-13  1.6039473E-13 -0.9241112    
  1.2643251E-15 -1.9099305E-15 -6.8218653E-10  2.4661031E-09  5.3408875E-15
  1.1324275E-14  1.3431053E-10 -3.2501588E-10 -9.4528983E-16 -7.1600711E-16
  1.2957143E-13  2.0323656E-13  4.6248948E-13 -0.7764016      6.5419234E-15
 -1.9428903E-16 -6.8091910E-10 -7.3413697E-10  2.2014092E-15  1.4172691E-15
  1.3549568E-10  9.6885888E-11 -5.1400829E-16 -2.7061686E-16  1.2737978E-13
  1.7536653E-13  1.8705873E-13 -0.2207209      3.0377740E-15 -3.5804693E-15
 -6.4977790E-10 -6.3650452E-10  3.7046022E-17  1.3183898E-16  1.3211059E-10
  8.3802923E-11 -7.9648949E-16  1.7694179E-16  1.2649071E-13  7.1299080E-14
  9.8532686E-14 -0.6406842      1.9724918E-15 -1.5265567E-14 -6.2848426E-10
 -7.9441637E-10  1.4375787E-15 -1.2378987E-14  1.2968868E-10  1.0480494E-10
 -1.5044427E-16  1.4224733E-16  1.2928235E-13  1.2950895E-14  1.3938506E-13
 -7.9536214E-02 -3.0460538E-16  5.9119376E-15 -6.0337224E-10 -1.1503318E-09
  7.9197395E-16 -7.6466611E-15  1.2656483E-10  1.5279415E-10  1.7514808E-16
  1.0338952E-15  1.3030062E-13 -4.9390833E-14  4.3689173E-14  -1.900081    
 -6.0144363E-16  9.5409791E-18 -5.9724370E-10 -7.5847634E-11 -1.5665509E-15
 -4.3541559E-16  1.2596232E-10  1.0076608E-11 -6.8886278E-16  1.9081958E-17
  1.3102277E-13 -1.3490190E-15  6.9303741E-14  -2.936303      3.4785735E-15
  5.2475385E-17 -6.0039973E-10  3.4053971E-11 -7.4485435E-15  2.9056618E-17
  1.2650420E-10 -4.5502022E-12 -4.4613675E-16  9.2157185E-19  1.3096184E-13
  4.0991406E-15  1.0521445E-13 -7.4193762E-05 -8.3807820E-15  7.9797280E-16
 -5.9596811E-10  1.8545421E-10  5.4348827E-15 -1.2836954E-15  1.2604806E-10
 -2.4782830E-11  1.7254550E-15  7.7628876E-17  1.3110258E-13  8.3736542E-15
  8.0577912E-14   3.141162      5.2470502E-15  4.2500725E-17 -5.9731114E-10
  5.6703534E-11 -6.2919656E-16  4.6403853E-17  1.2634427E-10 -7.5766832E-12
 -4.5504394E-16  1.6967764E-17  1.3120700E-13  6.1019085E-15  1.0741076E-13
  -3.037509      1.4445641E-15  2.3895816E-16 -5.9732796E-10  6.6011044E-11
 -8.4354105E-17  2.6888214E-17  1.2643529E-10 -8.8202484E-12 -4.7449184E-17
  2.9273459E-17  1.3113523E-13  1.0068711E-14  3.6252104E-15  0.3737791    
  3.7646189E-15  1.6805134E-18 -5.9254396E-10  3.4610420E-12  4.2910693E-15
  2.1006417E-17  1.2586775E-10 -4.6249956E-13 -6.8041262E-16  2.8528070E-18
  1.3157918E-13  4.9615961E-16  7.5919574E-16  0.4784651      6.3843695E-16
  5.6649564E-18 -5.9094246E-10  2.6740327E-12  1.9904209E-15  3.2526065E-19
  1.2572560E-10 -3.5728126E-13 -2.6288581E-16  1.9989978E-19  1.3170626E-13
  2.5363102E-16  3.1448300E-16   1.082786     -8.9010702E-17  0.0000000E+00
 -5.9588884E-10  0.0000000E+00 -2.8483423E-16  0.0000000E+00  1.2644262E-10
  0.0000000E+00  3.1153745E-16  0.0000000E+00  1.3117711E-13  0.0000000E+00
  7.4718624E-16  -3.109374     -8.7492176E-15  0.0000000E+00 -5.9466010E-10
  0.0000000E+00 -7.9199884E-15  0.0000000E+00  1.2631393E-10  0.0000000E+00
 -2.4961500E-16  0.0000000E+00  1.3128493E-13  0.0000000E+00  2.2118844E-16
   3.112669     -5.0799128E-15  0.0000000E+00 -5.9356065E-10  0.0000000E+00
  4.2574506E-15  0.0000000E+00  1.2620771E-10  0.0000000E+00 -2.7818571E-16
  0.0000000E+00  1.3137802E-13  0.0000000E+00  2.4562187E-16  8.6458713E-02
  2.2486836E-15  0.0000000E+00 -5.9259947E-10  0.0000000E+00 -4.8670140E-15
  0.0000000E+00  1.2611485E-10  0.0000000E+00 -2.0792622E-16  0.0000000E+00
  1.3145880E-13  0.0000000E+00  1.0381789E-16  3.2951333E-02  1.8424385E-15
  0.0000000E+00 -5.9175748E-10  0.0000000E+00 -3.1837336E-15  0.0000000E+00
  1.2603174E-10  0.0000000E+00  5.7115590E-16  0.0000000E+00  1.3152936E-13
  0.0000000E+00  1.7149117E-18  0.2221110      2.3458652E-15  0.0000000E+00
 -5.9104788E-10  0.0000000E+00 -3.6177196E-15  0.0000000E+00  1.2596769E-10
  0.0000000E+00  3.7802345E-16  0.0000000E+00  1.3159139E-13  0.0000000E+00
