288 
235 
0.000000E+00 0.000000E+00 1.500000E-01 
2.603000E-01 0.000000E+00 1.500000E-01 
2.603000E-01 0.000000E+00 0.000000E+00 
2.082333E-01 0.000000E+00 -7.000000E-02 
1.822000E-01 0.000000E+00 -7.500000E-02 
0.000000E+00 0.000000E+00 -7.500000E-02 
0.000000E+00 0.000000E+00 1.500000E-01 
2.597187E-01 1.738612E-02 1.500000E-01 
2.597187E-01 1.738612E-02 0.000000E+00 
2.077683E-01 1.390845E-02 -7.000000E-02 
1.817931E-01 1.216962E-02 -7.500000E-02 
0.000000E+00 0.000000E+00 -7.500000E-02 
0.000000E+00 0.000000E+00 1.500000E-01 
2.579775E-01 3.469459E-02 1.500000E-01 
2.579775E-01 3.469459E-02 0.000000E+00 
2.063754E-01 2.775479E-02 -7.000000E-02 
1.805743E-01 2.428488E-02 -7.500000E-02 
0.000000E+00 0.000000E+00 -7.500000E-02 
0.000000E+00 0.000000E+00 1.500000E-01 
2.550840E-01 5.184811E-02 1.500000E-01 
2.550840E-01 5.184811E-02 0.000000E+00 
2.040607E-01 4.147716E-02 -7.000000E-02 
1.785490E-01 3.629169E-02 -7.500000E-02 
0.000000E+00 0.000000E+00 -7.500000E-02 
0.000000E+00 0.000000E+00 1.500000E-01 
2.510513E-01 6.877006E-02 1.500000E-01 
2.510513E-01 6.877006E-02 0.000000E+00 
2.008346E-01 5.501429E-02 -7.000000E-02 
1.757263E-01 4.813640E-02 -7.500000E-02 
0.000000E+00 0.000000E+00 -7.500000E-02 
0.000000E+00 0.000000E+00 1.500000E-01 
2.458974E-01 8.538487E-02 1.500000E-01 
2.458974E-01 8.538487E-02 0.000000E+00 
1.967116E-01 6.830571E-02 -7.000000E-02 
1.721187E-01 5.976613E-02 -7.500000E-02 
0.000000E+00 0.000000E+00 -7.500000E-02 
0.000000E+00 0.000000E+00 1.500000E-01 
2.396452E-01 1.016183E-01 1.500000E-01 
2.396452E-01 1.016183E-01 0.000000E+00 
1.917100E-01 8.129206E-02 -7.000000E-02 
1.677424E-01 7.112893E-02 -7.500000E-02 
0.000000E+00 0.000000E+00 -7.500000E-02 
0.000000E+00 0.000000E+00 1.500000E-01 
2.323227E-01 1.173979E-01 1.500000E-01 
2.323227E-01 1.173979E-01 0.000000E+00 
1.858522E-01 9.391534E-02 -7.000000E-02 
1.626169E-01 8.217404E-02 -7.500000E-02 
0.000000E+00 0.000000E+00 -7.500000E-02 
0.000000E+00 0.000000E+00 1.500000E-01 
2.239625E-01 1.326532E-01 1.500000E-01 
2.239625E-01 1.326532E-01 0.000000E+00 
1.791643E-01 1.061192E-01 -7.000000E-02 
1.567652E-01 9.285215E-02 -7.500000E-02 
0.000000E+00 0.000000E+00 -7.500000E-02 
0.000000E+00 0.000000E+00 1.500000E-01 
2.146021E-01 1.473160E-01 1.500000E-01 
2.146021E-01 1.473160E-01 0.000000E+00 
1.716762E-01 1.178490E-01 -7.000000E-02 
1.502133E-01 1.031156E-01 -7.500000E-02 
0.000000E+00 0.000000E+00 -7.500000E-02 
0.000000E+00 0.000000E+00 1.500000E-01 
2.042833E-01 1.613209E-01 1.500000E-01 
2.042833E-01 1.613209E-01 0.000000E+00 
1.634214E-01 1.290526E-01 -7.000000E-02 
1.429904E-01 1.129184E-01 -7.500000E-02 
0.000000E+00 0.000000E+00 -7.500000E-02 
0.000000E+00 0.000000E+00 1.500000E-01 
1.930520E-01 1.746053E-01 1.500000E-01 
1.930520E-01 1.746053E-01 0.000000E+00 
1.544367E-01 1.396797E-01 -7.000000E-02 
1.351290E-01 1.222170E-01 -7.500000E-02 
0.000000E+00 0.000000E+00 -7.500000E-02 
0.000000E+00 0.000000E+00 1.500000E-01 
1.809586E-01 1.871098E-01 1.500000E-01 
1.809586E-01 1.871098E-01 0.000000E+00 
1.447622E-01 1.496831E-01 -7.000000E-02 
1.266641E-01 1.309697E-01 -7.500000E-02 
0.000000E+00 0.000000E+00 -7.500000E-02 
0.000000E+00 0.000000E+00 1.500000E-01 
1.680569E-01 1.987787E-01 1.500000E-01 
1.680569E-01 1.987787E-01 0.000000E+00 
1.344412E-01 1.590178E-01 -7.000000E-02 
1.176334E-01 1.391374E-01 -7.500000E-02 
0.000000E+00 0.000000E+00 -7.500000E-02 
0.000000E+00 0.000000E+00 1.500000E-01 
1.544047E-01 2.095597E-01 1.500000E-01 
1.544047E-01 2.095597E-01 0.000000E+00 
1.235198E-01 1.676424E-01 -7.000000E-02 
1.080773E-01 1.466838E-01 -7.500000E-02 
0.000000E+00 0.000000E+00 -7.500000E-02 
0.000000E+00 0.000000E+00 1.500000E-01 
1.400628E-01 2.194049E-01 1.500000E-01 
1.400628E-01 2.194049E-01 0.000000E+00 
1.120467E-01 1.755183E-01 -7.000000E-02 
9.803860E-02 1.535750E-01 -7.500000E-02 
0.000000E+00 0.000000E+00 -7.500000E-02 
0.000000E+00 0.000000E+00 1.500000E-01 
1.250954E-01 2.282701E-01 1.500000E-01 
1.250954E-01 2.282701E-01 0.000000E+00 
1.000731E-01 1.826102E-01 -7.000000E-02 
8.756200E-02 1.597803E-01 -7.500000E-02 
0.000000E+00 0.000000E+00 -7.500000E-02 
0.000000E+00 0.000000E+00 1.500000E-01 
1.095693E-01 2.361158E-01 1.500000E-01 
1.095693E-01 2.361158E-01 0.000000E+00 
8.765265E-02 1.888866E-01 -7.000000E-02 
7.669431E-02 1.652720E-01 -7.500000E-02 
0.000000E+00 0.000000E+00 -7.500000E-02 
0.000000E+00 0.000000E+00 1.500000E-01 
9.355384E-02 2.429069E-01 1.500000E-01 
9.355384E-02 2.429069E-01 0.000000E+00 
7.484068E-02 1.943193E-01 -7.000000E-02 
6.548410E-02 1.700255E-01 -7.500000E-02 
0.000000E+00 0.000000E+00 -7.500000E-02 
0.000000E+00 0.000000E+00 1.500000E-01 
7.712053E-02 2.486132E-01 1.500000E-01 
7.712053E-02 2.486132E-01 0.000000E+00 
6.169445E-02 1.988842E-01 -7.000000E-02 
5.398141E-02 1.740197E-01 -7.500000E-02 
0.000000E+00 0.000000E+00 -7.500000E-02 
0.000000E+00 0.000000E+00 1.500000E-01 
6.034279E-02 2.532091E-01 1.500000E-01 
6.034279E-02 2.532091E-01 0.000000E+00 
4.827268E-02 2.025608E-01 -7.000000E-02 
4.223763E-02 1.772366E-01 -7.500000E-02 
0.000000E+00 0.000000E+00 -7.500000E-02 
0.000000E+00 0.000000E+00 1.500000E-01 
4.329553E-02 2.566741E-01 1.500000E-01 
4.329553E-02 2.566741E-01 0.000000E+00 
3.463532E-02 2.053327E-01 -7.000000E-02 
3.030521E-02 1.796620E-01 -7.500000E-02 
0.000000E+00 0.000000E+00 -7.500000E-02 
0.000000E+00 0.000000E+00 1.500000E-01 
2.605491E-02 2.589927E-01 1.500000E-01 
2.605491E-02 2.589927E-01 0.000000E+00 
2.084326E-02 2.071875E-01 -7.000000E-02 
1.823744E-02 1.812850E-01 -7.500000E-02 
0.000000E+00 0.000000E+00 -7.500000E-02 
0.000000E+00 0.000000E+00 1.500000E-01 
8.697919E-03 2.601546E-01 1.500000E-01 
8.697919E-03 2.601546E-01 0.000000E+00 
6.958112E-03 2.081170E-01 -7.000000E-02 
6.088209E-03 1.820983E-01 -7.500000E-02 
0.000000E+00 0.000000E+00 -7.500000E-02 
-0.000000E+00 0.000000E+00 1.500000E-01 
-8.697919E-03 2.601546E-01 1.500000E-01 
-8.697919E-03 2.601546E-01 0.000000E+00 
-6.958112E-03 2.081170E-01 -7.000000E-02 
-6.088209E-03 1.820983E-01 -7.500000E-02 
-0.000000E+00 0.000000E+00 -7.500000E-02 
-0.000000E+00 0.000000E+00 1.500000E-01 
-2.605491E-02 2.589927E-01 1.500000E-01 
-2.605491E-02 2.589927E-01 0.000000E+00 
-2.084326E-02 2.071875E-01 -7.000000E-02 
-1.823744E-02 1.812850E-01 -7.500000E-02 
-0.000000E+00 0.000000E+00 -7.500000E-02 
-0.000000E+00 0.000000E+00 1.500000E-01 
-4.329553E-02 2.566741E-01 1.500000E-01 
-4.329553E-02 2.566741E-01 0.000000E+00 
-3.463532E-02 2.053327E-01 -7.000000E-02 
-3.030521E-02 1.796620E-01 -7.500000E-02 
-0.000000E+00 0.000000E+00 -7.500000E-02 
-0.000000E+00 0.000000E+00 1.500000E-01 
-6.034279E-02 2.532091E-01 1.500000E-01 
-6.034279E-02 2.532091E-01 0.000000E+00 
-4.827268E-02 2.025608E-01 -7.000000E-02 
-4.223763E-02 1.772366E-01 -7.500000E-02 
-0.000000E+00 0.000000E+00 -7.500000E-02 
-0.000000E+00 0.000000E+00 1.500000E-01 
-7.712053E-02 2.486132E-01 1.500000E-01 
-7.712053E-02 2.486132E-01 0.000000E+00 
-6.169445E-02 1.988842E-01 -7.000000E-02 
-5.398141E-02 1.740197E-01 -7.500000E-02 
-0.000000E+00 0.000000E+00 -7.500000E-02 
-0.000000E+00 0.000000E+00 1.500000E-01 
-9.355384E-02 2.429069E-01 1.500000E-01 
-9.355384E-02 2.429069E-01 0.000000E+00 
-7.484068E-02 1.943193E-01 -7.000000E-02 
-6.548410E-02 1.700255E-01 -7.500000E-02 
-0.000000E+00 0.000000E+00 -7.500000E-02 
-0.000000E+00 0.000000E+00 1.500000E-01 
-1.095693E-01 2.361158E-01 1.500000E-01 
-1.095693E-01 2.361158E-01 0.000000E+00 
-8.765265E-02 1.888866E-01 -7.000000E-02 
-7.669431E-02 1.652720E-01 -7.500000E-02 
-0.000000E+00 0.000000E+00 -7.500000E-02 
-0.000000E+00 0.000000E+00 1.500000E-01 
-1.250954E-01 2.282701E-01 1.500000E-01 
-1.250954E-01 2.282701E-01 0.000000E+00 
-1.000731E-01 1.826102E-01 -7.000000E-02 
-8.756200E-02 1.597803E-01 -7.500000E-02 
-0.000000E+00 0.000000E+00 -7.500000E-02 
-0.000000E+00 0.000000E+00 1.500000E-01 
-1.400628E-01 2.194049E-01 1.500000E-01 
-1.400628E-01 2.194049E-01 0.000000E+00 
-1.120467E-01 1.755183E-01 -7.000000E-02 
-9.803860E-02 1.535750E-01 -7.500000E-02 
-0.000000E+00 0.000000E+00 -7.500000E-02 
-0.000000E+00 0.000000E+00 1.500000E-01 
-1.544047E-01 2.095597E-01 1.500000E-01 
-1.544047E-01 2.095597E-01 0.000000E+00 
-1.235198E-01 1.676424E-01 -7.000000E-02 
-1.080773E-01 1.466838E-01 -7.500000E-02 
-0.000000E+00 0.000000E+00 -7.500000E-02 
-0.000000E+00 0.000000E+00 1.500000E-01 
-1.680569E-01 1.987787E-01 1.500000E-01 
-1.680569E-01 1.987787E-01 0.000000E+00 
-1.344412E-01 1.590178E-01 -7.000000E-02 
-1.176334E-01 1.391374E-01 -7.500000E-02 
-0.000000E+00 0.000000E+00 -7.500000E-02 
-0.000000E+00 0.000000E+00 1.500000E-01 
-1.809586E-01 1.871098E-01 1.500000E-01 
-1.809586E-01 1.871098E-01 0.000000E+00 
-1.447622E-01 1.496831E-01 -7.000000E-02 
-1.266641E-01 1.309697E-01 -7.500000E-02 
-0.000000E+00 0.000000E+00 -7.500000E-02 
-0.000000E+00 0.000000E+00 1.500000E-01 
-1.930520E-01 1.746053E-01 1.500000E-01 
-1.930520E-01 1.746053E-01 0.000000E+00 
-1.544367E-01 1.396797E-01 -7.000000E-02 
-1.351290E-01 1.222170E-01 -7.500000E-02 
-0.000000E+00 0.000000E+00 -7.500000E-02 
-0.000000E+00 0.000000E+00 1.500000E-01 
-2.042833E-01 1.613209E-01 1.500000E-01 
-2.042833E-01 1.613209E-01 0.000000E+00 
-1.634214E-01 1.290526E-01 -7.000000E-02 
-1.429904E-01 1.129184E-01 -7.500000E-02 
-0.000000E+00 0.000000E+00 -7.500000E-02 
-0.000000E+00 0.000000E+00 1.500000E-01 
-2.146021E-01 1.473160E-01 1.500000E-01 
-2.146021E-01 1.473160E-01 0.000000E+00 
-1.716762E-01 1.178490E-01 -7.000000E-02 
-1.502133E-01 1.031156E-01 -7.500000E-02 
-0.000000E+00 0.000000E+00 -7.500000E-02 
-0.000000E+00 0.000000E+00 1.500000E-01 
-2.239625E-01 1.326532E-01 1.500000E-01 
-2.239625E-01 1.326532E-01 0.000000E+00 
-1.791643E-01 1.061192E-01 -7.000000E-02 
-1.567652E-01 9.285215E-02 -7.500000E-02 
-0.000000E+00 0.000000E+00 -7.500000E-02 
-0.000000E+00 0.000000E+00 1.500000E-01 
-2.323227E-01 1.173979E-01 1.500000E-01 
-2.323227E-01 1.173979E-01 0.000000E+00 
-1.858522E-01 9.391534E-02 -7.000000E-02 
-1.626169E-01 8.217404E-02 -7.500000E-02 
-0.000000E+00 0.000000E+00 -7.500000E-02 
-0.000000E+00 0.000000E+00 1.500000E-01 
-2.396452E-01 1.016183E-01 1.500000E-01 
-2.396452E-01 1.016183E-01 0.000000E+00 
-1.917100E-01 8.129206E-02 -7.000000E-02 
-1.677424E-01 7.112893E-02 -7.500000E-02 
-0.000000E+00 0.000000E+00 -7.500000E-02 
-0.000000E+00 0.000000E+00 1.500000E-01 
-2.458974E-01 8.538487E-02 1.500000E-01 
-2.458974E-01 8.538487E-02 0.000000E+00 
-1.967116E-01 6.830571E-02 -7.000000E-02 
-1.721187E-01 5.976613E-02 -7.500000E-02 
-0.000000E+00 0.000000E+00 -7.500000E-02 
-0.000000E+00 0.000000E+00 1.500000E-01 
-2.510513E-01 6.877006E-02 1.500000E-01 
-2.510513E-01 6.877006E-02 0.000000E+00 
-2.008346E-01 5.501429E-02 -7.000000E-02 
-1.757263E-01 4.813640E-02 -7.500000E-02 
-0.000000E+00 0.000000E+00 -7.500000E-02 
-0.000000E+00 0.000000E+00 1.500000E-01 
-2.550840E-01 5.184811E-02 1.500000E-01 
-2.550840E-01 5.184811E-02 0.000000E+00 
-2.040607E-01 4.147716E-02 -7.000000E-02 
-1.785490E-01 3.629169E-02 -7.500000E-02 
-0.000000E+00 0.000000E+00 -7.500000E-02 
-0.000000E+00 0.000000E+00 1.500000E-01 
-2.579775E-01 3.469459E-02 1.500000E-01 
-2.579775E-01 3.469459E-02 0.000000E+00 
-2.063754E-01 2.775479E-02 -7.000000E-02 
-1.805743E-01 2.428488E-02 -7.500000E-02 
-0.000000E+00 0.000000E+00 -7.500000E-02 
-0.000000E+00 0.000000E+00 1.500000E-01 
-2.597187E-01 1.738612E-02 1.500000E-01 
-2.597187E-01 1.738612E-02 0.000000E+00 
-2.077683E-01 1.390845E-02 -7.000000E-02 
-1.817931E-01 1.216962E-02 -7.500000E-02 
-0.000000E+00 0.000000E+00 -7.500000E-02 
-0.000000E+00 0.000000E+00 1.500000E-01 
-2.603000E-01 3.187756E-17 1.500000E-01 
-2.603000E-01 3.187756E-17 0.000000E+00 
-2.082333E-01 2.550123E-17 -7.000000E-02 
-1.822000E-01 2.231306E-17 -7.500000E-02 
-0.000000E+00 0.000000E+00 -7.500000E-02 
1 2 8 7 
7 8 14 13 
13 14 20 19 
19 20 26 25 
25 26 32 31 
31 32 38 37 
37 38 44 43 
43 44 50 49 
49 50 56 55 
55 56 62 61 
61 62 68 67 
67 68 74 73 
73 74 80 79 
79 80 86 85 
85 86 92 91 
91 92 98 97 
97 98 104 103 
103 104 110 109 
109 110 116 115 
115 116 122 121 
121 122 128 127 
127 128 134 133 
133 134 140 139 
139 140 146 145 
145 146 152 151 
151 152 158 157 
157 158 164 163 
163 164 170 169 
169 170 176 175 
175 176 182 181 
181 182 188 187 
187 188 194 193 
193 194 200 199 
199 200 206 205 
205 206 212 211 
211 212 218 217 
217 218 224 223 
223 224 230 229 
229 230 236 235 
235 236 242 241 
241 242 248 247 
247 248 254 253 
253 254 260 259 
259 260 266 265 
265 266 272 271 
271 272 278 277 
277 278 284 283 
2 3 9 8 
8 9 15 14 
14 15 21 20 
20 21 27 26 
26 27 33 32 
32 33 39 38 
38 39 45 44 
44 45 51 50 
50 51 57 56 
56 57 63 62 
62 63 69 68 
68 69 75 74 
74 75 81 80 
80 81 87 86 
86 87 93 92 
92 93 99 98 
98 99 105 104 
104 105 111 110 
110 111 117 116 
116 117 123 122 
122 123 129 128 
128 129 135 134 
134 135 141 140 
140 141 147 146 
146 147 153 152 
152 153 159 158 
158 159 165 164 
164 165 171 170 
170 171 177 176 
176 177 183 182 
182 183 189 188 
188 189 195 194 
194 195 201 200 
200 201 207 206 
206 207 213 212 
212 213 219 218 
218 219 225 224 
224 225 231 230 
230 231 237 236 
236 237 243 242 
242 243 249 248 
248 249 255 254 
254 255 261 260 
260 261 267 266 
266 267 273 272 
272 273 279 278 
278 279 285 284 
3 4 10 9 
9 10 16 15 
15 16 22 21 
21 22 28 27 
27 28 34 33 
33 34 40 39 
39 40 46 45 
45 46 52 51 
51 52 58 57 
57 58 64 63 
63 64 70 69 
69 70 76 75 
75 76 82 81 
81 82 88 87 
87 88 94 93 
93 94 100 99 
99 100 106 105 
105 106 112 111 
111 112 118 117 
117 118 124 123 
123 124 130 129 
129 130 136 135 
135 136 142 141 
141 142 148 147 
147 148 154 153 
153 154 160 159 
159 160 166 165 
165 166 172 171 
171 172 178 177 
177 178 184 183 
183 184 190 189 
189 190 196 195 
195 196 202 201 
201 202 208 207 
207 208 214 213 
213 214 220 219 
219 220 226 225 
225 226 232 231 
231 232 238 237 
237 238 244 243 
243 244 250 249 
249 250 256 255 
255 256 262 261 
261 262 268 267 
267 268 274 273 
273 274 280 279 
279 280 286 285 
4 5 11 10 
10 11 17 16 
16 17 23 22 
22 23 29 28 
28 29 35 34 
34 35 41 40 
40 41 47 46 
46 47 53 52 
52 53 59 58 
58 59 65 64 
64 65 71 70 
70 71 77 76 
76 77 83 82 
82 83 89 88 
88 89 95 94 
94 95 101 100 
100 101 107 106 
106 107 113 112 
112 113 119 118 
118 119 125 124 
124 125 131 130 
130 131 137 136 
136 137 143 142 
142 143 149 148 
148 149 155 154 
154 155 161 160 
160 161 167 166 
166 167 173 172 
172 173 179 178 
178 179 185 184 
184 185 191 190 
190 191 197 196 
196 197 203 202 
202 203 209 208 
208 209 215 214 
214 215 221 220 
220 221 227 226 
226 227 233 232 
232 233 239 238 
238 239 245 244 
244 245 251 250 
250 251 257 256 
256 257 263 262 
262 263 269 268 
268 269 275 274 
274 275 281 280 
280 281 287 286 
5 6 12 11 
11 12 18 17 
17 18 24 23 
23 24 30 29 
29 30 36 35 
35 36 42 41 
41 42 48 47 
47 48 54 53 
53 54 60 59 
59 60 66 65 
65 66 72 71 
71 72 78 77 
77 78 84 83 
83 84 90 89 
89 90 96 95 
95 96 102 101 
101 102 108 107 
107 108 114 113 
113 114 120 119 
119 120 126 125 
125 126 132 131 
131 132 138 137 
137 138 144 143 
143 144 150 149 
149 150 156 155 
155 156 162 161 
161 162 168 167 
167 168 174 173 
173 174 180 179 
179 180 186 185 
185 186 192 191 
191 192 198 197 
197 198 204 203 
203 204 210 209 
209 210 216 215 
215 216 222 221 
221 222 228 227 
227 228 234 233 
233 234 240 239 
239 240 246 245 
245 246 252 251 
251 252 258 257 
257 258 264 263 
263 264 270 269 
269 270 276 275 
275 276 282 281 
281 282 288 287 
